epoch,lr,train_loss,train_ppl,val_loss,val_ppl,time
1,5e-05,8.32091816259556,4108.930943543522,7.036689033193037,1137.6147594820286,4.527543783187866
2,4.761904761904762e-05,7.205741358417298,1347.143034757065,6.93557501627394,1028.2103197379245,4.305468320846558
3,4.545454545454545e-05,7.059334377157842,1163.6703423707104,6.869158504423031,962.1385896964898,4.2908642292022705
4,4.347826086956522e-05,6.976970962802739,1071.6673255266028,6.832628230418056,927.6256253379726,4.2930824756622314
5,4.166666666666667e-05,6.926149827523293,1018.5647703651887,6.809760972488025,906.6540657794877,4.288374662399292
6,4e-05,6.886598634105895,979.0655869491636,6.796372177187076,894.5959619531924,4.292840242385864
7,3.846153846153846e-05,6.855426348330125,949.0166548306106,6.784527774684685,884.0625116597224,4.283512115478516
8,3.7037037037037037e-05,6.828045193422506,923.3840099434842,6.776498487173033,876.9925409720655,4.290223836898804
9,3.571428571428572e-05,6.8047320120324395,902.1059839827855,6.767306599735228,868.9682598939532,4.288577079772949
10,3.4482758620689657e-05,6.782304501021881,882.0991820794696,6.763236684247482,865.4388196482754,4.2901105880737305
11,3.3333333333333335e-05,6.763002374346164,865.2360625187761,6.758612841614021,861.4464040012984,4.308026552200317
12,3.2258064516129034e-05,6.745510680071786,850.2332129865754,6.754818392194007,858.183882843459,4.3365747928619385
13,3.125e-05,6.730577017411654,837.6304538932374,6.753846594124786,857.3503065026161,4.299496412277222
14,3.0303030303030306e-05,6.714695677532147,824.4328352823467,6.751300019666183,855.1697777278446,4.285681486129761
15,2.941176470588235e-05,6.699849188481278,812.283314249492,6.748650960685793,852.9073804832987,4.29203462600708
16,2.8571428571428574e-05,6.686297679868379,801.349899373521,6.746533917986657,851.1036491022571,4.287958860397339
17,2.777777777777778e-05,6.671303273065919,789.4237690633034,6.743540862375054,848.5600570044295,4.293980360031128
18,2.7027027027027027e-05,6.659787112960488,780.3847856349878,6.741382752568269,846.7307458609127,4.284204006195068
19,2.6315789473684212e-05,6.647773302266526,771.0654828108105,6.7383150620893995,844.1372181177659,4.2880353927612305
20,2.564102564102564e-05,6.634140489848386,760.6250198573288,6.737301188066971,843.2818030357928,4.295949935913086
21,2.5e-05,6.623271000334122,752.4021841505826,6.736297118762308,842.4355145994035,4.293624639511108
22,2.439024390243903e-05,6.61207883327304,744.0281225708129,6.734777584548824,841.1563771050345,4.290558815002441
23,2.380952380952381e-05,6.6026688645326015,737.0596790331292,6.731991062479571,838.8157389310326,4.310383558273315
24,2.325581395348837e-05,6.591389214429732,728.7926161885318,6.731765266292351,838.6263589168493,4.331283807754517
25,2.2727272727272726e-05,6.5812081770835515,721.4103944491056,6.731222838409676,838.1715879480038,4.307255268096924
26,2.2222222222222223e-05,6.572981085797748,715.4996328063831,6.730406954268779,837.4880159377472,4.284893989562988
27,2.173913043478261e-05,6.565285607775905,710.0146529469878,6.729642261158336,836.847839422362,4.283915042877197
28,2.1276595744680852e-05,6.5562568672736825,703.6329675354037,6.7278897703186535,835.3825555728461,4.284262418746948
29,2.0833333333333333e-05,6.548594974141264,698.262407535118,6.727133084919827,834.7506728889599,4.2957940101623535
30,2.0408163265306123e-05,6.540954223108906,692.9474891654265,6.726589825527727,834.2973099038509,4.291670083999634
31,2e-05,6.533595587357943,687.8670564502467,6.725701540954842,833.5565455277559,4.2892372608184814
32,1.9607843137254906e-05,6.525973310593372,682.6438749248304,6.724216599109744,832.3196810962015,4.29043984413147
33,1.923076923076923e-05,6.519718591338063,678.3874543700792,6.7235498546568815,831.7649215278061,4.287945747375488
34,1.8867924528301885e-05,6.513132675727549,673.9343318847176,6.722659122845358,831.024371917003,4.28670597076416
35,1.8518518518518518e-05,6.506189053662345,669.2709955463419,6.721517941183295,830.0765630569498,4.299448490142822
36,1.8181818181818182e-05,6.500469097252056,665.453722351046,6.721326650666796,829.9177924686071,4.333639860153198
37,1.785714285714286e-05,6.49332665373839,660.7176902827999,6.720726001361185,829.4194526015764,4.331786155700684
38,1.7543859649122806e-05,6.48892065261055,657.8129711910973,6.720257766975844,829.0311808021951,4.289966344833374
39,1.7241379310344825e-05,6.482607567668473,653.6732230678818,6.719444787206728,828.3574691183283,4.2902748584747314
40,1.694915254237288e-05,6.477172967395045,650.1304060080647,6.718713949534519,827.752295442637,4.299291372299194
41,1.6666666666666667e-05,6.470928273589826,646.083190651574,6.718533496226161,827.6029382788264,4.286024570465088
42,1.6393442622950818e-05,6.466384062541913,643.1539129475578,6.717914537949995,827.0908450893072,4.297853708267212
43,1.6129032258064517e-05,6.461750317438478,640.1805957697916,6.717571711737262,826.8073452656613,4.288459777832031
44,1.5873015873015876e-05,6.456889136973369,637.076114199593,6.717409862959681,826.6735383360705,4.290597915649414
45,1.5625e-05,6.451598774005415,633.71464984058,6.71687646739739,826.2327119171385,4.284800052642822
46,1.5384615384615384e-05,6.446578679882918,630.5413145368852,6.71662507175414,826.0250267197225,4.29045033454895
47,1.5151515151515151e-05,6.4414686579561025,627.3274530386482,6.716177648749233,825.6555267876884,4.296966314315796
48,1.4925373134328359e-05,6.438216696481336,625.2907218099605,6.7161935104811485,825.6686232181745,4.322484731674194
49,1.4705882352941175e-05,6.432515508217873,621.7359644844101,6.715468528842138,825.0702455590508,4.323620080947876
50,1.4492753623188405e-05,6.430024183461595,620.1889461469195,6.715607040184588,825.1845350613929,4.295550107955933
51,1.4285714285714287e-05,6.423773115591941,616.3241949484282,6.715431189734089,825.0394387471569,4.284183502197266
52,1.4084507042253522e-05,6.420173600814885,614.1097148192218,6.7153088869142135,824.9385402674999,4.285888195037842
53,1.388888888888889e-05,6.416499978585304,611.857846508709,6.715144594838796,824.8030205353417,4.292830944061279
54,1.36986301369863e-05,6.4114269686359195,608.761745481374,6.7149220261692015,824.6194656519242,4.285717725753784
55,1.3513513513513513e-05,6.407681553967521,606.4859448792021,6.714837271319933,824.5495781151045,4.293308258056641
56,1.3333333333333333e-05,6.404471724432425,604.5423493546073,6.7145630111379075,824.3234680056389,4.2850611209869385
57,1.3157894736842104e-05,6.400147084412145,601.9335664061041,6.714580098459543,824.337553606211,4.299756288528442
58,1.2987012987012988e-05,6.397307487209467,600.2267420284913,6.714293026727093,824.1009435602263,4.293607234954834
59,1.282051282051282e-05,6.393959365075238,598.2204700838811,6.7140955373275375,823.9382084294699,4.290229320526123
60,1.2658227848101267e-05,6.389540620730158,595.5829183894854,6.713817111716783,823.7088348637833,4.29376482963562
61,1.25e-05,6.3855402230193175,593.2051091085883,6.713783977445492,823.6815423239458,4.286560535430908
62,1.2345679012345677e-05,6.38390529738987,592.2360552535345,6.71377694705301,823.6757515397792,4.287500381469727
63,1.2195121951219515e-05,6.380568752779981,590.2633261151052,6.713629025073091,823.5539208027441,4.300414800643921
64,1.2048192771084337e-05,6.375344345191006,587.1875913565298,6.713400718594386,823.3659195688281,4.287796258926392
65,1.1904761904761905e-05,6.3725325477993024,585.538857857258,6.713558729029884,823.4960302555062,4.289478778839111
66,1.1764705882352942e-05,6.368888049882881,583.408746660465,6.713376352609682,823.3458576918409,4.2849953174591064
67,1.1627906976744185e-05,6.366993545974273,582.3045228180615,6.713249190779757,823.2411661824384,4.302397966384888
68,1.149425287356322e-05,6.362707849428889,579.814282355293,6.712942411091702,822.9886512494897,4.299278974533081
69,1.1363636363636363e-05,6.361489874303596,579.1085128741794,6.7128067765354125,822.8770331187551,4.299944639205933
70,1.1235955056179776e-05,6.357542907321913,576.8272956011843,6.712841877267381,822.9059172118608,4.293399333953857
71,1.1111111111111112e-05,6.354354911607734,574.9913007817768,6.712816581253178,822.8851012353734,4.292758464813232
72,1.0989010989010989e-05,6.352096891198547,573.6944234283005,6.712884181787159,822.940730587888,4.283044338226318
73,1.0869565217391305e-05,6.347853275020746,571.2650428171036,6.712741087290866,822.8229807234452,4.297804594039917
74,1.075268817204301e-05,6.345352608349191,569.8382840314777,6.712621137130359,822.724288894007,4.301457166671753
75,1.0638297872340426e-05,6.343895446384414,569.0085420389667,6.712542683625024,822.6597458214674,4.294818162918091
76,1.0526315789473684e-05,6.340459460966577,567.0567919984311,6.712621011024664,822.7241851437955,4.293804168701172
77,1.0416666666666666e-05,6.33841492812521,565.8986101381392,6.71223988414796,822.4106825906416,4.292802095413208
78,1.0309278350515465e-05,6.334869916449289,563.8960446140989,6.712174853017507,822.3572020332261,4.288310289382935
79,1.0204081632653061e-05,6.333531697318278,563.1419328352397,6.712162644409936,822.3471622581492,4.284592151641846
80,1.0101010101010101e-05,6.329930209704223,561.1174319349052,6.711987909206674,822.2034818129814,4.296064376831055
81,1e-05,6.327712717588367,559.8745370176646,6.7119755350853785,822.193307830315,4.297523498535156
82,9.900990099009901e-06,6.325061820607329,558.3923327511172,6.712024487739752,822.2335573602942,4.296788215637207
83,9.803921568627451e-06,6.322970094394274,557.2255495924129,6.711907954255412,822.1377452016841,4.2944371700286865
84,9.70873786407767e-06,6.31956998432143,555.3341387131655,6.711738381504027,821.9983448617967,4.297417879104614
85,9.615384615384616e-06,6.318682854779288,554.841703852005,6.711985832403514,822.2017742599656,4.313122272491455
86,9.523809523809525e-06,6.314403508558805,552.4724172182495,6.711931275927331,822.1569190520321,4.317400217056274
87,9.433962264150944e-06,6.313624109423723,552.0419884538054,6.711971302662999,822.1898279683226,4.289226770401001
88,9.345794392523363e-06,6.31130217728185,550.7616713970356,6.7117967960263085,822.0463629048899,4.278190612792969
89,9.259259259259259e-06,6.309413200591255,549.7222774422364,6.711876136212309,822.1115868036278,4.278686285018921
90,9.174311926605506e-06,6.30600253174745,547.8505505325763,6.711559902537953,821.8516485385848,4.278912782669067
91,9.090909090909091e-06,6.30451739438102,547.037521088402,6.711644365767802,821.9210677149199,4.291625738143921
92,9.00900900900901e-06,6.302063501137009,545.696795083201,6.711600059320118,821.8846521188616,4.279791355133057
93,8.928571428571428e-06,6.300170708521241,544.6648811266614,6.711603826727749,821.8877484992039,4.285609245300293
94,8.849557522123894e-06,6.298461323030005,543.7346341831069,6.711487746435749,821.792349066471,4.280230283737183
95,8.771929824561403e-06,6.296750728050527,542.8053195148162,6.711347847930656,821.6773895868574,4.289061069488525
96,8.695652173913044e-06,6.294470493987906,541.5690064131908,6.711330256186241,821.6629349753696,4.283704042434692
97,8.620689655172412e-06,6.291810288654377,540.1302362144122,6.7115904398200925,821.8767460374556,4.29564094543457
98,8.547008547008546e-06,6.290978148055179,539.6809588728873,6.711240571392469,821.5892476088638,4.288294315338135
99,8.47457627118644e-06,6.288878910735953,538.5492287641941,6.711359579701069,821.6870293738913,4.308746814727783
100,8.403361344537815e-06,6.286060606256575,537.0335698577646,6.711384552569429,821.7075495121312,4.3162682056427
101,8.333333333333334e-06,6.285063997768026,536.4986242533506,6.711527008655643,821.824615091801,4.298941373825073
102,8.264462809917356e-06,6.2826311635357115,535.1949984304206,6.71139211497031,821.713763617524,4.279244661331177
103,8.196721311475409e-06,6.281492092476382,534.5857203679919,6.7114504743213494,821.7617196988384,4.279926300048828
104,8.130081300813007e-06,6.278652116259792,533.0696634382052,6.711048945907719,821.4318252545743,4.281658172607422
105,8.064516129032258e-06,6.2771293660601835,532.2585492206998,6.711033572835371,821.4191974207599,4.297679662704468
106,8e-06,6.275460358648341,531.3709466706924,6.711191141900938,821.5486378737739,4.298527002334595
107,7.936507936507936e-06,6.273257659126249,530.2017842698581,6.711363260411034,821.6900537710939,4.287362813949585
108,7.874015748031496e-06,6.272991252457124,530.0605537917526,6.711312333414377,821.6482086300058,4.286961317062378
109,7.8125e-06,6.271448256529452,529.2433031851565,6.71123334395984,821.5833096493859,4.286394357681274
110,7.751937984496124e-06,6.269301170136284,528.1081911181195,6.711248177142183,821.5954964348119,4.283970355987549
111,7.692307692307692e-06,6.267786237610256,527.3087485458052,6.711080716661185,821.457923177157,4.284069299697876
112,7.633587786259541e-06,6.264573542140584,525.6173844918227,6.711171292076426,821.5323304393352,4.287668228149414
113,7.575757575757576e-06,6.261653242397718,524.0846632710116,6.7111476984891025,821.5129477732119,4.288791179656982
114,7.518796992481203e-06,6.262700327271555,524.6337117945707,6.7110663130263655,821.4460912824229,4.286259412765503
115,7.462686567164179e-06,6.261707257201231,524.1129723656708,6.71102674342384,821.4135876301775,4.288599014282227
116,7.4074074074074075e-06,6.258113758349111,522.232952947997,6.711368915463282,821.694700484419,4.289104223251343
117,7.352941176470588e-06,6.258592741069876,522.4831534247419,6.711229631723452,821.5802597435886,4.288095474243164
118,7.2992700729927e-06,6.256802974340742,521.5488667871763,6.711200871743446,821.5566314515218,4.282041072845459
119,7.2463768115942025e-06,6.254067727936184,520.1242513498189,6.711101732963373,821.4751873665188,4.285023212432861
120,7.194244604316547e-06,6.2534866390310135,519.8221007147423,6.711196186128727,821.5527819626952,4.2827794551849365
121,7.1428571428571436e-06,6.250802186630315,518.4285343467031,6.7112295568481946,821.5801982275577,4.281969785690308
122,7.092198581560283e-06,6.248695689516517,517.3376155474397,6.711136561779936,821.5037988733804,4.282426357269287
123,7.042253521126761e-06,6.24821165477769,517.0872667634547,6.711316518547121,821.6516473440231,4.283275604248047
124,6.993006993006993e-06,6.245326846454277,515.5977186757415,6.7114451187701265,821.7573187236403,4.287606477737427
125,6.944444444444445e-06,6.244988899067236,515.423503213439,6.71134220864162,821.672755923628,4.28447961807251
126,6.896551724137932e-06,6.242643931802251,514.2162679875448,6.711135872139418,821.5032323312704,4.295259237289429
127,6.84931506849315e-06,6.2421775011545595,513.9764776877339,6.711246427425668,821.594058876861,4.322742223739624
128,6.802721088435374e-06,6.241416880808163,513.5856853623734,6.711256125741754,821.6020269943765,4.313898086547852
129,6.756756756756757e-06,6.2395575445609035,512.6316440981111,6.711331804921804,821.6642075149631,4.288259744644165
130,6.7114093959731546e-06,6.236966570661815,511.30514808875506,6.711180174646299,821.5396277900724,4.284734725952148
131,6.666666666666667e-06,6.2366816397900235,511.1594822204954,6.711217415234274,821.570222978544,4.280683517456055
132,6.62251655629139e-06,6.236757306274938,511.19816132508305,6.711069985854724,821.4491083184627,4.282979249954224
133,6.578947368421052e-06,6.235299910598559,510.4536859643532,6.7114122170062105,821.7302819031254,4.285407066345215
134,6.5359477124183e-06,6.231468537948674,508.5016894737466,6.711272728344626,821.6156678397859,4.284804344177246
135,6.493506493506494e-06,6.2317079756904565,508.62345854744126,6.711275987388674,821.6183455258013,4.281982660293579
136,6.451612903225806e-06,6.230939611754192,508.23280072766534,6.711286320174036,821.6268351756762,4.284741163253784
137,6.41025641025641e-06,6.229310946403143,507.4057332657325,6.711489571027519,821.7938485033959,4.282987833023071
138,6.369426751592357e-06,6.227651088943809,506.5642106714483,6.711433895363295,821.7480958586916,4.282848119735718
139,6.329113924050633e-06,6.226672675988193,506.0688240707295,6.71132667399635,821.6599916279816,4.284746408462524
140,6.289308176100629e-06,6.225888651328026,505.67220913117905,6.711445973924369,821.7580214531982,4.291245937347412
141,6.25e-06,6.2240199436957235,504.7281379857401,6.711440976986215,821.753915189447,4.300281047821045
142,6.2111801242236025e-06,6.2220447683539,503.7321953177567,6.711192166509707,821.5494796401441,4.333425521850586
143,6.172839506172838e-06,6.221673688765759,503.5453052598723,6.711348458755115,821.6778914876573,4.327576160430908
144,6.134969325153374e-06,6.219353386874874,502.3782825819795,6.7112284218969425,821.5792657746122,4.279218435287476
145,6.097560975609757e-06,6.219159411565428,502.2808430498939,6.711302248899602,821.6399227482855,4.289988994598389
146,6.060606060606061e-06,6.216399692568144,500.8966000048099,6.711287782211934,821.6280364261253,4.285836458206177
147,6.024096385542168e-06,6.21729517474195,501.34534487256195,6.7112256790980815,821.5770123510282,4.286025047302246
148,5.988023952095808e-06,6.216607074983131,501.00048792326874,6.711288286634713,821.6284508741273,4.279568433761597
149,5.9523809523809525e-06,6.213318105623958,499.35541944240777,6.71122848494979,821.5793175775259,4.279364109039307
150,5.91715976331361e-06,6.213107259693064,499.2501434830426,6.711210329670552,821.5644017110002,4.28275728225708
151,5.882352941176471e-06,6.210890807205003,498.14480467833965,6.7112542578011505,821.600492292024,4.281181573867798
152,5.8479532163742686e-06,6.210123137445409,497.76254072090217,6.711222337297172,821.5742668088085,4.279785394668579
153,5.813953488372093e-06,6.209278354726636,497.3422170945137,6.711115525773734,821.4865178961345,4.279984474182129
154,5.780346820809249e-06,6.207855364181453,496.6350071177592,6.711652787263728,821.9279895489889,4.292662620544434
155,5.74712643678161e-06,6.206930674606126,496.1759861625882,6.7115392133224105,821.8346452485771,4.314793825149536
156,5.7142857142857145e-06,6.206103535680811,495.7657493754231,6.711378487673673,821.7025659566136,4.300046920776367
157,5.6818181818181815e-06,6.206300516906214,495.86341553913246,6.711289819607065,821.6297104087914,4.276638984680176
158,5.649717514124293e-06,6.203381993944553,494.41833654887887,6.711585844843841,821.872969542002,4.2698915004730225
159,5.617977528089888e-06,6.203438803873349,494.44642521722363,6.711400481294994,821.7206383704264,4.276401519775391
160,5.58659217877095e-06,6.202556817214377,494.0105223251308,6.711334827517675,821.6666910775571,4.272939920425415
161,5.555555555555556e-06,6.201936146322749,493.7039995085012,6.711326610943503,821.6599398199812,4.285380840301514
162,5.524861878453038e-06,6.198513823824379,492.01727311058335,6.711472530995518,821.7798452292279,4.275795936584473
163,5.494505494505495e-06,6.199597340285011,492.5506708453423,6.711608689678602,821.8917453086501,4.276768684387207
164,5.46448087431694e-06,6.196628819003125,491.09069175815233,6.711561139950082,821.8526655084122,4.275781631469727
165,5.434782608695652e-06,6.195968287390189,490.76641793977143,6.711614309263624,821.8963640121688,4.276262283325195
166,5.405405405405406e-06,6.1948125122954405,490.1995299971655,6.711354405426782,821.6827777508227,4.279153108596802
167,5.376344086021505e-06,6.195876682674425,490.7214634806012,6.7114969482106615,821.799911049484,4.2765326499938965
168,5.347593582887701e-06,6.193940327607511,489.7721718677714,6.711577332709447,821.8659736786055,4.275743246078491
169,5.319148936170213e-06,6.1923736551800515,489.0054600603154,6.711603089797595,821.8871428255626,4.276233673095703
170,5.291005291005291e-06,6.191883060962857,488.7656156473847,6.711496447728685,821.7994997535429,4.275167465209961
171,5.263157894736842e-06,6.190869884736548,488.27066072599376,6.711540092121471,821.8353674764084,4.272655963897705
172,5.235602094240837e-06,6.190154007678379,487.9212440464179,6.711566030486556,821.8566848186771,4.274742603302002
173,5.208333333333334e-06,6.1883773054687765,487.0551229414871,6.711411440668027,821.729643962779,4.277448654174805
174,5.1813471502590676e-06,6.187075133589716,486.42130621556,6.711577139610101,821.8658149768394,4.276584148406982
175,5.154639175257732e-06,6.186152678395546,485.9728112451467,6.711628819300124,821.908289844932,4.272094011306763
176,5.128205128205129e-06,6.1851518008841975,485.4866553190955,6.711621702209977,821.902440270357,4.272482872009277
177,5.102040816326531e-06,6.185315532029443,485.5661511129633,6.711503746095768,821.805497569848,4.274812459945679
178,5.076142131979696e-06,6.183800506182495,484.8310628231078,6.711482997768181,821.7884466570614,4.276861906051636
179,5.050505050505051e-06,6.182821534119962,484.3566590094844,6.711342642129946,821.6731121092528,4.276479721069336
180,5.025125628140703e-06,6.182872518449382,484.3813542384735,6.7114039452607965,821.7234847875466,4.276798486709595
181,5e-06,6.181778147701542,483.85155140683287,6.711691348020696,821.9596843255224,4.278475761413574
182,4.975124378109453e-06,6.181236458643312,483.5895252903753,6.711750641342037,822.0084224901238,4.284514427185059
183,4.950495049504951e-06,6.1799827178660385,482.9836092932213,6.711634214259377,821.9127240186262,4.314279556274414
184,4.926108374384236e-06,6.178250872321395,482.14788016709554,6.711716450935553,821.9803181684777,4.302790880203247
185,4.901960784313726e-06,6.17886107776298,482.4421792095291,6.711678950254583,821.9494939247708,4.2763872146606445
186,4.8780487804878055e-06,6.176150731262731,481.13636414255825,6.711772481272043,822.0263752925791,4.274999380111694
187,4.854368932038835e-06,6.175514131144904,480.8301701483615,6.711424685706777,821.7405278758335,4.276296138763428
188,4.830917874396135e-06,6.175259911041914,480.7079489891817,6.71181819064558,822.0639504619868,4.278953313827515
189,4.807692307692308e-06,6.1724929387988965,479.37968192383045,6.71184341572533,822.08468735224,4.274399518966675
190,4.784688995215311e-06,6.173389473288868,479.8096550565382,6.711754235354337,822.0113768038141,4.2731969356536865
191,4.761904761904762e-06,6.173098413524709,479.67002209325074,6.711768410422585,822.0230289537658,4.270561218261719
192,4.739336492890995e-06,6.170128460503443,478.2475380628954,6.711909991650542,822.1394202228286,4.270561933517456
193,4.716981132075471e-06,6.169252302308963,477.8287010739549,6.711971137149275,822.1896918846339,4.274360656738281
194,4.6948356807511736e-06,6.169630726826549,478.0095573877209,6.711853385956819,822.0928837677368,4.271676301956177
195,4.672897196261682e-06,6.16856897174033,477.5022976493605,6.711919323471952,822.14709231687,4.289709091186523
196,4.651162790697674e-06,6.168322259878396,477.38450669923964,6.7118885930904675,822.1218278112825,4.305987119674683
197,4.6296296296296296e-06,6.168751023665006,477.58923577507153,6.7121080169992995,822.3022407890135,4.2794859409332275
198,4.608294930875576e-06,6.168236358380625,477.34350041637725,6.7120503433479755,822.2548169838603,4.276106119155884
199,4.587155963302753e-06,6.165946205286509,476.251561552776,6.712165899513182,822.3498390874228,4.277601003646851
200,4.566210045662101e-06,6.1633280835949815,475.00630783304416,6.712017737144281,822.2280068129005,4.275882244110107
201,4.5454545454545455e-06,6.163854727929242,475.256533097878,6.711870481160061,822.1069377327963,4.276196479797363
202,4.5248868778280546e-06,6.162292278273423,474.5145484990514,6.712106314572421,822.3008408807681,4.275489568710327
203,4.504504504504504e-06,6.162338713617284,474.5365832568697,6.711814379889118,822.060817782444,4.287644863128662
204,4.484304932735426e-06,6.161163080403733,473.9790300917744,6.711835238559187,822.0779650566532,4.324889898300171
205,4.464285714285714e-06,6.160647945649634,473.7349298983047,6.71199356031812,822.2081281896166,4.318854570388794
206,4.444444444444445e-06,6.1611309796443825,473.96381524919764,6.71203564021213,822.2427273484644,4.294363498687744
207,4.424778761061947e-06,6.159641974780692,473.25860598338716,6.712016661305073,822.2271222282487,4.276617765426636
208,4.405286343612335e-06,6.1585579900782506,472.7458788385985,6.711920024934879,822.147669022778,4.277379274368286
209,4.3859649122807014e-06,6.159617375304259,473.2469642126536,6.712032700373122,822.240310090774,4.2759435176849365
210,4.3668122270742355e-06,6.156162198930339,471.61463410102414,6.712090279445175,822.287655287867,4.289601802825928
211,4.347826086956522e-06,6.155004780896232,471.0690945879034,6.712173268814717,822.355899253684,4.311453104019165
212,4.329004329004329e-06,6.15607821010213,471.5750254039072,6.711987061934038,822.2027851827652,4.292624473571777
213,4.310344827586206e-06,6.155290058447056,471.20349919587346,6.712117486748814,822.3100278221294,4.277887344360352
214,4.2918454935622316e-06,6.155772590227905,471.43092472509255,6.71209804676781,822.2940422861892,4.277248859405518
215,4.273504273504273e-06,6.152360143374987,469.8249334879707,6.712237429027715,822.4086634760038,4.278152227401733
216,4.255319148936171e-06,6.152099212761089,469.702357772225,6.7122205663318475,822.3947955657585,4.272942304611206
217,4.23728813559322e-06,6.149935075653469,468.68695660021297,6.712336244661946,822.4899343250319,4.2756547927856445
218,4.219409282700422e-06,6.150852051517994,469.1169283341557,6.712150664368937,822.3373105644417,4.276962041854858
219,4.201680672268908e-06,6.150457494760276,468.9318715900167,6.712223900251152,822.3975373682135,4.2765069007873535
220,4.184100418410042e-06,6.1492684437993255,468.3746190639638,6.71227280561589,822.4377580032328,4.277483940124512
221,4.166666666666667e-06,6.148382788564002,467.9599842693384,6.712433219941194,822.5696993836483,4.277010679244995
222,4.149377593360996e-06,6.146692524447461,467.16967640262357,6.712613649604735,822.7181287478742,4.277391672134399
223,4.132231404958678e-06,6.146324788040357,466.9979126881366,6.712569591427638,822.6818820853439,4.277394771575928
224,4.11522633744856e-06,6.146063117407934,466.87572903561704,6.712521876185393,822.6426285565533,4.277064800262451
225,4.098360655737704e-06,6.145155124500586,466.45200158491156,6.712690057833333,822.7809935843925,4.276472091674805
226,4.081632653061225e-06,6.146351891218848,467.0105699874448,6.712567112662575,822.6798428527644,4.2770209312438965
227,4.065040650406504e-06,6.144578687725149,466.1831989785188,6.7127654926836,822.843062286488,4.2759621143341064
228,4.048582995951417e-06,6.144265463014529,466.0372017470868,6.712740772026629,822.8227213168269,4.276704549789429
229,4.032258064516129e-06,6.143546299259039,465.70216517040154,6.7127163154034575,822.8025980976684,4.279346227645874
230,4.016064257028112e-06,6.142066574915284,465.0135639353109,6.712663973658538,822.7595323010388,4.277127504348755
231,4e-06,6.141666565432569,464.82759129803463,6.712711736190418,822.7988303179086,4.277350902557373
232,3.98406374501992e-06,6.1421170959145215,465.0370574786735,6.71272973777834,822.8136421367129,4.276774168014526
233,3.968253968253968e-06,6.138814648231212,463.5038300207516,6.712784337603356,822.8585688440783,4.27532172203064
234,3.952569169960475e-06,6.139678928882779,463.90460057713716,6.712866574279533,822.9262407802634,4.2756667137146
235,3.937007874015748e-06,6.140177427136336,464.13591386018555,6.712828833209581,822.8951832495208,4.27701210975647
236,3.92156862745098e-06,6.138257017258411,463.2454379795185,6.712679957555345,822.772683309602,4.277703523635864
237,3.90625e-06,6.138303603225512,463.26701921893937,6.712771738856292,822.848201922405,4.276062965393066
238,3.891050583657587e-06,6.136005589890377,462.20364771994883,6.713002598975316,823.0381866853484,4.289227724075317
239,3.875968992248062e-06,6.1365189564586196,462.4409885366156,6.712955939868265,822.9997853543816,4.324325084686279
240,3.861003861003861e-06,6.135203379929833,461.83301203364425,6.713311786493979,823.292699164068,4.314089775085449
241,3.846153846153846e-06,6.134272294597053,461.40320621394386,6.713010945595985,823.0450563015579,4.279958963394165
242,3.8314176245210725e-06,6.13362992086124,461.10690808990734,6.712912295475479,822.963866812314,4.285569667816162
243,3.816793893129771e-06,6.133145612299186,460.88364413498385,6.712966111080705,823.0081563026081,4.325291633605957
244,3.802281368821293e-06,6.132625843015352,460.6441532187435,6.712958990049756,823.0022956569228,4.314145088195801
245,3.787878787878788e-06,6.132554622371821,460.61134701396577,6.713092953705591,823.1125554384457,4.279389381408691
246,3.7735849056603777e-06,6.132642569562396,460.6518582692823,6.713264035784508,823.2533872921731,4.27639365196228
247,3.7593984962406014e-06,6.130984219972667,459.88856952383077,6.7131838167994475,823.1873493897788,4.278039932250977
248,3.745318352059925e-06,6.130348683222169,459.59638629318937,6.713297418326386,823.2808700415696,4.27588152885437
249,3.7313432835820897e-06,6.12912307583723,459.03344661004,6.713196352493664,823.1976686793536,4.278105974197388
250,3.7174721189591075e-06,6.128135264073319,458.58023185373696,6.713236899415324,823.231047487435,4.277885913848877
251,3.7037037037037037e-06,6.1281832846449165,458.60225366733965,6.713497721459254,823.4457922957404,4.2760326862335205
252,3.690036900369004e-06,6.130310678277405,459.57891968982506,6.713558622628204,823.4959426341495,4.278163433074951
253,3.676470588235294e-06,6.126855499038369,457.9937322781634,6.7135995005773115,823.5296061474256,4.277692556381226
254,3.663003663003663e-06,6.126873361808547,458.00191338801477,6.71362103706549,823.5473422740395,4.2760679721832275
255,3.64963503649635e-06,6.124540440309713,456.93467625203243,6.7136317284639215,823.5561471938712,4.276060581207275
256,3.6363636363636366e-06,6.126722380838681,457.9327690348027,6.71337101282167,823.3414612112387,4.277016878128052
257,3.6231884057971013e-06,6.1253456308094725,457.302743874752,6.713416135015566,823.3786130224734,4.276703357696533
258,3.6101083032490973e-06,6.124660586082884,456.98957832005914,6.713545889893839,823.4854573458149,4.276841878890991
259,3.5971223021582737e-06,6.122716344988909,456.1019435699601,6.713647605959049,823.5692233063933,4.276297330856323
260,3.5842293906810035e-06,6.123554799485104,456.48452466127475,6.713544967745946,823.4846979707855,4.276688814163208
261,3.5714285714285718e-06,6.122136256009212,455.83744058392773,6.713555923178176,823.4937196510045,4.277129650115967
262,3.5587188612099643e-06,6.121719901858481,455.64769027788674,6.713497248562899,823.4454028913187,4.276225805282593
263,3.5460992907801415e-06,6.120107594273121,454.9136379686695,6.713573325764049,823.5080506958748,4.278188467025757
264,3.53356890459364e-06,6.121181204799931,455.4023003087604,6.713474257918429,823.4264715684423,4.277554750442505
265,3.5211267605633804e-06,6.121229923641221,455.42448752161556,6.713349275352541,823.3235640461627,4.276719808578491
266,3.5087719298245615e-06,6.118561582606238,454.21087955327494,6.7137439191834,823.6485477337002,4.289127588272095
267,3.4965034965034966e-06,6.119193504808287,454.4979962006146,6.7135837767735005,823.5166572312694,4.32434606552124
268,3.484320557491289e-06,6.1197419051960305,454.7473114339967,6.71375846862793,823.6605314497357,4.31414008140564
269,3.4722222222222224e-06,6.11777488151845,453.85369187863347,6.71364744832693,823.5690934854417,4.30226469039917
270,3.4602076124567473e-06,6.116299730718391,453.18468280789955,6.713613175163585,823.5408676510714,4.324357509613037
271,3.448275862068966e-06,6.114617439810298,452.4229352564669,6.713520381076277,823.464451473437,4.306698560714722
272,3.4364261168384878e-06,6.115422056058957,452.78710859168416,6.713876468090971,823.7577286846732,4.277687311172485
273,3.424657534246575e-06,6.115537149404763,452.83922437398206,6.7137680014302905,823.6683832802192,4.276620388031006
274,3.4129692832764506e-06,6.114915734401588,452.5579107012511,6.713638266256033,823.5615314503541,4.276911497116089
275,3.401360544217687e-06,6.11285977834284,451.6284273386929,6.71380929316371,823.7023946777174,4.275957345962524
276,3.3898305084745763e-06,6.114337323561247,452.29622198890917,6.713687352897707,823.6019583123463,4.274834871292114
277,3.3783783783783783e-06,6.114262038136756,452.26217195759267,6.713652543785158,823.5732899580468,4.276255130767822
278,3.3670033670033667e-06,6.112835075722232,451.6172710707914,6.713730934237645,823.6378527714241,4.275718688964844
279,3.3557046979865773e-06,6.112229218708087,451.3437384486003,6.713907249702895,823.7830856656589,4.276952266693115
280,3.3444816053511705e-06,6.112312302568951,451.38123938680724,6.71401778528513,823.8741480413925,4.27846360206604
281,3.3333333333333333e-06,6.111867919397968,451.18069772229654,6.714021867956997,823.8775116560644,4.276882171630859
282,3.3222591362126247e-06,6.110502638018694,450.56512942459386,6.714047439827406,823.8985800144034,4.276528835296631
283,3.311258278145695e-06,6.109013526736411,449.89468711245934,6.713948777884491,823.8172965895905,4.277613401412964
284,3.3003300330033004e-06,6.109373835125706,450.05681714917745,6.713931119146426,823.8027491441812,4.27718448638916
285,3.289473684210526e-06,6.107492152201771,449.2107491870072,6.714023873825703,823.8791642478407,4.277438640594482
286,3.278688524590164e-06,6.109061630805675,449.9163293981865,6.713861496980525,823.7453962090516,4.276769638061523
287,3.26797385620915e-06,6.106704327988522,448.8569894504864,6.7138587068920295,823.7430978897048,4.277791738510132
288,3.257328990228013e-06,6.107712327359572,449.30966512361164,6.714011586402074,823.8690409577246,4.27660346031189
289,3.246753246753247e-06,6.106683503507033,448.84764233374295,6.714220283445248,824.0409979333671,4.276319980621338
290,3.2362459546925567e-06,6.105928211048437,448.50875908851964,6.714079052948755,823.9246264318941,4.275830268859863
291,3.225806451612903e-06,6.107231576452951,449.09371100897744,6.714106075034654,823.9468908947391,4.276033401489258
292,3.215434083601286e-06,6.104653356822263,447.9373401168569,6.71406536259927,823.9133466930216,4.277069091796875
293,3.205128205128205e-06,6.107342867789862,449.14369402976115,6.714145810150903,823.9796311706967,4.276114463806152
294,3.1948881789137383e-06,6.105323842257389,448.23777628703743,6.714278926534101,824.0893236597989,4.2907874584198
295,3.1847133757961785e-06,6.103245567354522,447.3071823160641,6.7144141709508975,824.2007846768355,4.315599679946899
296,3.1746031746031746e-06,6.104376999605367,447.8135665038515,6.714416744295231,824.2029056319832,4.311311960220337
297,3.1645569620253167e-06,6.102282640350735,446.87666546264154,6.714427581503371,824.2118377388211,4.282576322555542
298,3.1545741324921135e-06,6.103506430842846,447.4238836488922,6.714567692811824,824.3273272283514,4.276273012161255
299,3.1446540880503146e-06,6.101892772150654,446.7024764190103,6.714521817924562,824.2895121725356,4.277509927749634
300,3.134796238244514e-06,6.099638223852723,445.6964985500786,6.714605764909224,824.3587116960756,4.275254964828491
