epoch,lr,train_loss,train_ppl,val_loss,val_ppl,time
1,0.0001,24.89060988855976,64543799258.24493,15.262469291687012,4250168.944200062,3.885409355163574
2,9.523809523809524e-05,14.717266779396155,2463926.5141699724,9.284959477826584,10774.736692975948,3.612847089767456
3,9.09090909090909e-05,9.210120465520113,9997.801177215826,7.825507495028914,2503.656381652695,3.607832908630371
4,8.695652173913044e-05,8.01936153731121,3039.236274399021,7.415915662592107,1662.230514072002,3.6190059185028076
5,8.333333333333334e-05,7.652582342123269,2106.0771851125937,7.220844966320952,1367.644185894707,3.617654800415039
6,8e-05,7.469371304900861,1753.503919639102,7.121692484075373,1238.5448780413462,3.6174092292785645
7,7.692307692307693e-05,7.355972182392563,1565.5182250717478,7.047138383565855,1149.5644190523146,3.6155238151550293
8,7.407407407407407e-05,7.2750914459064795,1443.88322332129,6.999435476035126,1096.014257438507,3.6103243827819824
9,7.142857142857143e-05,7.217714762790009,1363.3698744573594,6.9644659570425995,1058.3495623474096,3.6188480854034424
10,6.896551724137931e-05,7.17143350363801,1301.70927095597,6.941080838195549,1033.887075920218,3.6193623542785645
11,6.666666666666667e-05,7.134798095359311,1254.8835963594136,6.919278373402998,1011.5897410190512,3.6462008953094482
12,6.451612903225807e-05,7.104949800957938,1217.980941723206,6.912236907265403,1004.4916857983694,3.6829710006713867
13,6.25e-05,7.077950273358259,1185.5360016361365,6.892646387588879,985.0046752316338,3.6621954441070557
14,6.060606060606061e-05,7.055824374333984,1159.593016082437,6.888486275002976,980.9154565875194,3.671762704849243
15,5.88235294117647e-05,7.032539442168797,1132.9039043079365,6.8772027157554945,969.9094491571103,3.664250135421753
16,5.714285714285715e-05,7.018977680533741,1117.6434448520906,6.870104939484399,963.0496224403353,3.671272039413452
17,5.555555555555556e-05,6.999965670180423,1096.595511856191,6.863884259846585,957.0773941820338,3.6597468852996826
18,5.4054054054054054e-05,6.984209526864245,1079.4528019555082,6.86210375777946,955.3748320607691,3.6522321701049805
19,5.2631578947368424e-05,6.96961259678198,1063.8105470694732,6.853146013149545,946.8550443005981,3.655956983566284
20,5.128205128205128e-05,6.953918860193998,1047.2457066679879,6.849302532259098,943.2228097152985,3.649277448654175
21,5e-05,6.943410782547979,1036.2987837553098,6.846774329823896,940.8411634214036,3.6563308238983154
22,4.878048780487806e-05,6.931254466306498,1023.7774687472828,6.843259519781948,937.5400901734563,3.653502941131592
23,4.761904761904762e-05,6.9198512187843155,1012.169391539193,6.838739749813868,933.3121864036749,3.6616768836975098
24,4.651162790697674e-05,6.909262577351583,1001.5084349145986,6.835061967865495,929.885971989022,3.6490163803100586
25,4.545454545454545e-05,6.897249873001688,989.5495830677404,6.8338458400127315,928.755799115238,3.640991687774658
26,4.4444444444444447e-05,6.887524310509023,979.972304458873,6.831413718294506,926.4996966353131,3.626948833465576
27,4.347826086956522e-05,6.881237414364139,973.830646567642,6.823838892061849,919.5081357880591,3.625746726989746
28,4.2553191489361704e-05,6.869958338921673,962.9084491720458,6.820234499687006,916.1998334663393,3.655272960662842
29,4.1666666666666665e-05,6.8623970526994045,955.655079741257,6.819720157907029,915.7287147815775,3.652285575866699
30,4.0816326530612245e-05,6.852380053475179,946.1300692054825,6.8175544029425,913.7476168320981,3.6527328491210938
31,4e-05,6.845398230409417,939.5473628505729,6.8166069945028,912.8823345807314,3.6702375411987305
32,3.921568627450981e-05,6.8379310280468335,932.5577016483351,6.814608471452697,911.0597400482663,3.6579880714416504
33,3.846153846153846e-05,6.830314698035114,925.4820140277252,6.815212300986298,911.6100309504114,3.657651901245117
34,3.773584905660377e-05,6.824094990087681,919.743650162467,6.809487870902069,906.4064909242918,3.6559321880340576
35,3.7037037037037037e-05,6.817096458893477,913.3292673463008,6.811284443563666,908.0363797146058,3.6584746837615967
36,3.6363636363636364e-05,6.81045907597685,907.2872251256263,6.810543655363982,907.363966168389,3.6630353927612305
37,3.571428571428572e-05,6.7996886138752295,897.567757985346,6.807530462249251,904.6340183085316,3.6672329902648926
38,3.508771929824561e-05,6.797816123061938,895.8886431583678,6.8062925456969205,903.5148497450323,3.657323122024536
39,3.448275862068965e-05,6.790475830602032,889.3366347534567,6.805387784626858,902.6977543765387,3.6600348949432373
40,3.389830508474576e-05,6.783668097303661,883.3028297025213,6.802932262420654,900.4838792173806,3.665524959564209
41,3.3333333333333335e-05,6.776660127189538,877.1343095182893,6.801226261233495,898.9489623077267,3.6711554527282715
42,3.2786885245901635e-05,6.77245428592862,873.4529688418394,6.799956499052442,897.8082352919689,3.6556990146636963
43,3.2258064516129034e-05,6.766677877729031,868.4220921381061,6.801535168955149,899.2266974786171,3.6544339656829834
44,3.174603174603175e-05,6.762209191547443,864.5500442620604,6.7982044259378736,896.2365868444197,3.670414686203003
45,3.125e-05,6.757721316046981,860.6787447522654,6.798030431605568,896.0806603234627,3.6585946083068848
46,3.076923076923077e-05,6.751578978509862,855.4083681770994,6.797255283544872,895.3863342748964,3.6562693119049072
47,3.0303030303030302e-05,6.746532170455343,851.1021617732789,6.79637938491569,894.602409981343,3.6574625968933105
48,2.9850746268656717e-05,6.743744788763349,848.7331184374025,6.793129507175162,891.6997806724373,3.658731460571289
49,2.941176470588235e-05,6.735180919876426,841.4957136165604,6.7940503427804995,892.5212677489794,3.6572141647338867
50,2.898550724637681e-05,6.732819999236406,839.5113523991987,6.79247631514368,891.1175196660548,3.658902406692505
51,2.8571428571428574e-05,6.726533083035711,834.2499711384771,6.791692434263624,890.419263391132,3.6658430099487305
52,2.8169014084507043e-05,6.722009086199584,830.4843511573828,6.790694276163401,889.5309276143149,3.670844554901123
53,2.777777777777778e-05,6.720455321938183,829.194976204661,6.791080025601978,889.8741298610206,3.608922243118286
54,2.73972602739726e-05,6.714364153325813,824.1595611419535,6.78852501782504,887.6033966445343,3.6566269397735596
55,2.7027027027027027e-05,6.712008406266634,822.2203347397642,6.787086884837505,886.3278223625462,3.6363437175750732
56,2.6666666666666667e-05,6.7090070613975685,819.7562675642466,6.787399315637005,886.6047817357725,3.637403964996338
57,2.631578947368421e-05,6.703213343395184,815.0205628351727,6.786339712537025,885.6658301064678,3.6456542015075684
58,2.5974025974025975e-05,6.699848247495332,812.2825499026687,6.785660416626733,885.0644052260491,3.6475319862365723
59,2.564102564102564e-05,6.696468417122641,809.5418069015363,6.786491693543994,885.8004447203383,3.65142560005188
60,2.5316455696202533e-05,6.689965351252085,804.2943838678282,6.78519907470577,884.6561820856302,3.6411280632019043
61,2.5e-05,6.690432386848548,804.6701057060367,6.786678448196285,885.965887522517,3.6480934619903564
62,2.4691358024691353e-05,6.684120282594738,799.6069405329287,6.7854408587306,884.8701036782952,3.6461684703826904
63,2.439024390243903e-05,6.682693894431314,798.4672037043628,6.784064836738524,883.6533402940797,3.6508007049560547
64,2.4096385542168674e-05,6.678218388864411,794.9016440817203,6.78354140746692,883.1909312995788,3.6497437953948975
65,2.380952380952381e-05,6.6737879863624405,791.3876996907472,6.785478036265728,884.9030015791859,3.6514649391174316
66,2.3529411764705884e-05,6.671111947579445,789.2727466243346,6.782634423783988,882.3902546911737,3.64286208152771
67,2.325581395348837e-05,6.668956329280215,787.5732082847027,6.781679969188596,881.5484550513269,3.6476855278015137
68,2.298850574712644e-05,6.666245225980046,785.440907710208,6.780172682990712,880.2207101294368,3.643648862838745
69,2.2727272727272726e-05,6.660562234477424,780.989913167211,6.7809659863306475,880.9192692066518,3.635638475418091
70,2.2471910112359552e-05,6.657382887320457,778.5108181472903,6.778520718093746,878.7678168095124,3.6436588764190674
71,2.2222222222222223e-05,6.655340166050989,776.9221606851606,6.779327751191194,879.4772977714521,3.6571600437164307
72,2.1978021978021977e-05,6.65315155594134,775.2236403672395,6.779027103392546,879.2129246015135,3.6650941371917725
73,2.173913043478261e-05,6.64978423589289,772.6176044020267,6.776406768924934,876.9121084412337,3.6540393829345703
74,2.150537634408602e-05,6.646274470464355,769.9106510091259,6.7746894300476574,875.4074455632843,3.6469054222106934
75,2.1276595744680852e-05,6.643865566499244,768.0582422223306,6.776920421064393,877.3626519232577,3.6591625213623047
76,2.105263157894737e-05,6.641635295966153,766.3471733395124,6.778098074857854,878.396490010726,3.6551454067230225
77,2.0833333333333333e-05,6.6392577916255835,764.5273437920582,6.776797062109325,877.2544280586295,3.6551079750061035
78,2.061855670103093e-05,6.636501726879071,762.4231579002968,6.777049994665729,877.476342327224,3.65437388420105
79,2.0408163265306123e-05,6.633937470186422,760.4706136971892,6.7754578866249275,876.080416714055,3.6642332077026367
80,2.0202020202020203e-05,6.630118006186424,757.5715634984025,6.77309748752058,874.0149558980105,3.6507246494293213
81,2e-05,6.62920193283343,756.8778901524399,6.774836433820488,875.5361432198345,3.6496284008026123
82,1.9801980198019803e-05,6.6252243295759605,753.873309666996,6.7752547461139265,875.9024673654984,3.6457133293151855
83,1.9607843137254903e-05,6.624110210402329,753.0338726614686,6.77367748701868,874.5220311712498,3.6572744846343994
84,1.941747572815534e-05,6.618304992643037,748.6750113613901,6.772683754440181,873.6534217924586,3.6278696060180664
85,1.923076923076923e-05,6.619065434942941,749.2445520328736,6.772860389110471,873.8077529062756,3.6516830921173096
86,1.904761904761905e-05,6.613370055088158,744.9894484226285,6.7724345341201655,873.4357167364853,3.654411554336548
87,1.8867924528301888e-05,6.611820370751901,743.8358440359226,6.77246541031136,873.4626855210163,3.6213693618774414
88,1.8691588785046727e-05,6.611364169796137,743.4965828044749,6.772193262399721,873.2250068186053,3.6198081970214844
89,1.8518518518518518e-05,6.607708070615842,740.7832486892895,6.7726610830007505,873.6336150363478,3.6586263179779053
90,1.834862385321101e-05,6.605757552052772,739.3397454590865,6.7731598034377924,874.0694226386993,3.660186767578125
91,1.8181818181818182e-05,6.605243071773022,738.9594675711375,6.771999642868672,873.0559497691862,3.6619577407836914
92,1.801801801801802e-05,6.602096687775313,736.6380712446427,6.769826325503263,871.1605824759384,3.6660561561584473
93,1.7857142857142855e-05,6.6021955068530955,736.7108687363341,6.769606416875666,870.9690278108636,3.6507318019866943
94,1.7699115044247787e-05,6.595711345427026,731.9493703839115,6.770428752111009,871.685550902039,3.6624932289123535
95,1.7543859649122806e-05,6.596404061296979,732.4565789842194,6.770252030743055,871.5315190498189,3.6589298248291016
96,1.739130434782609e-05,6.593237817133956,730.1411102204727,6.770398825653328,871.6594648316227,3.66047739982605
97,1.7241379310344825e-05,6.590547288231583,728.1792848180494,6.770224204733352,871.5072681427175,3.662078619003296
98,1.7094017094017092e-05,6.589231113302861,727.2215039416103,6.769932707479177,871.2532631897325,3.656501531600952
99,1.694915254237288e-05,6.589001366611202,727.0544463981704,6.769963516676722,871.2801062171332,3.6624269485473633
100,1.680672268907563e-05,6.583457067186741,723.0345927827664,6.770011519597581,871.3219312109713,3.659393787384033
101,1.6666666666666667e-05,6.581434931366228,721.5739958935777,6.769612028579082,870.9739154444459,3.6398794651031494
102,1.652892561983471e-05,6.580132908882502,720.6351016905721,6.7690693721298345,870.5014040493771,3.6403374671936035
103,1.6393442622950818e-05,6.579057992272111,719.860895227974,6.768674980510365,870.1581532829458,3.669215202331543
104,1.6260162601626015e-05,6.576388289897738,717.9416439415487,6.766396601338032,868.1778598561632,3.6418018341064453
105,1.6129032258064517e-05,6.5758303327110195,717.5411749743253,6.765320557208101,867.2441646050675,3.6741297245025635
106,1.6e-05,6.573926931798714,716.1767054255031,6.764399043784654,866.4453555791263,3.6569511890411377
107,1.5873015873015872e-05,6.569536484157578,713.0392615298938,6.765407641071919,867.3196908663064,3.653798818588257
108,1.5748031496062993e-05,6.570787104004954,713.931560429378,6.766152267613687,867.9657606388214,3.662792921066284
109,1.5625e-05,6.569320403250502,712.8852040045256,6.765546570139483,867.4401951528185,3.6590046882629395
110,1.5503875968992248e-05,6.568830870763427,712.5363089423116,6.763461258785783,865.6331969969109,3.6605453491210938
111,1.5384615384615384e-05,6.565191146539516,709.94758725262,6.763736078561831,865.8711228101105,3.654156446456909
112,1.5267175572519083e-05,6.561791555871268,707.5381539241083,6.76462504883443,866.6411987347798,3.658094644546509
113,1.5151515151515151e-05,6.5588968457070544,705.4929975339599,6.765039534608195,867.00048363671,3.6693482398986816
114,1.5037593984962406e-05,6.556404975350834,703.7371889790744,6.764659424458653,866.670990579017,3.6694791316986084
115,1.4925373134328359e-05,6.556883081755413,704.0737306812264,6.764821860415877,866.8117805453367,3.6683685779571533
116,1.4814814814814815e-05,6.554188678397641,702.1792254838878,6.766465388053705,868.2375810137502,3.6743106842041016
117,1.4705882352941175e-05,6.553849212089833,701.9408997488607,6.765673357593126,867.5501826587205,3.6553051471710205
118,1.45985401459854e-05,6.55337120882943,701.6054498896204,6.764579307934469,866.6015586929988,3.633004665374756
119,1.4492753623188405e-05,6.550059196570401,699.2855678980299,6.763943766759446,866.0509726986776,3.6587982177734375
120,1.4388489208633095e-05,6.547686208880511,697.6281391604437,6.765047837880032,867.0076826072961,3.6500356197357178
121,1.4285714285714287e-05,6.550317048412536,699.4659032187889,6.763288367878307,865.4835498246306,3.6553142070770264
122,1.4184397163120566e-05,6.543623842804217,694.7998669022259,6.764363911526262,866.4149159317212,3.6426172256469727
123,1.4084507042253522e-05,6.543671440566558,694.8329386082288,6.764657871782287,866.6696449204974,3.6389007568359375
124,1.3986013986013986e-05,6.542596671304989,694.0865546909802,6.763228101178634,865.4313915591808,3.6583809852600098
125,1.388888888888889e-05,6.541423127579587,693.27249153262,6.762944174206947,865.1857071248413,3.6477839946746826
126,1.3793103448275863e-05,6.540720171375848,692.7853225830945,6.761924629369058,864.3040610185658,3.6558682918548584
127,1.36986301369863e-05,6.537568201220599,690.6051216913984,6.76245346148152,864.7612536393789,3.67997145652771
128,1.3605442176870747e-05,6.539463554431441,691.9153035627077,6.761909808009124,864.2912509519165,3.6542139053344727
129,1.3513513513513513e-05,6.536493030024189,689.8630019808214,6.7605692414212815,863.1333872488243,3.6676440238952637
130,1.3422818791946309e-05,6.535113347344132,688.9118662290141,6.76199360130247,864.3636757965602,3.695878267288208
131,1.3333333333333333e-05,6.5304249517907405,685.6895345839035,6.761119562732286,863.6085186715496,3.661918878555298
132,1.324503311258278e-05,6.52936434275091,684.9626715918733,6.761814322353395,864.2087274750454,3.6700618267059326
133,1.3157894736842104e-05,6.530215442231796,685.545891119805,6.762638931432046,864.9216557407331,3.6686129570007324
134,1.30718954248366e-05,6.527272948482006,683.5316415317283,6.762079270418025,864.4377282401414,3.666689872741699
135,1.2987012987012988e-05,6.526464416438418,682.9792076570834,6.761379915820665,863.83339108838,3.6649820804595947
136,1.2903225806451613e-05,6.526071254173574,682.7107387843328,6.761447480887421,863.8917580208753,3.6660797595977783
137,1.282051282051282e-05,6.522541283128599,680.3050381691462,6.761771907491132,864.1720729582572,3.6734986305236816
138,1.2738853503184714e-05,6.523478893967657,680.9431986731508,6.76080431425867,863.3363103131254,3.6671478748321533
139,1.2658227848101267e-05,6.522428409429067,680.2282539562184,6.760210659878313,862.8239390315621,3.6656298637390137
140,1.2578616352201259e-05,6.519933499184801,678.5332608240664,6.760916729603917,863.4333680177988,3.6621780395507812
141,1.25e-05,6.516203952347261,676.007352421688,6.7605273073369805,863.0971932994858,3.660931348800659
142,1.2422360248447205e-05,6.518221068893891,677.3723142186062,6.7587661191451645,861.5784544992445,3.6544406414031982
143,1.2345679012345677e-05,6.517602758039221,676.9536170199225,6.759321098485269,862.0567454498924,3.6510446071624756
144,1.2269938650306748e-05,6.514202399929194,674.6556414822371,6.759782767492878,862.4548222148488,3.6472578048706055
145,1.2195121951219515e-05,6.512632967985751,673.5976458109362,6.7596260693447645,862.3196877293149,3.6609251499176025
146,1.2121212121212122e-05,6.512488260801258,673.500178444414,6.759033451395586,861.8088129961565,3.658284902572632
147,1.2048192771084337e-05,6.508885740108244,671.0782452663665,6.758726328857674,861.5441727268894,3.6520893573760986
148,1.1976047904191615e-05,6.51064404868261,672.2592458765683,6.758449337699196,861.3055656559565,3.624985933303833
149,1.1904761904761905e-05,6.507150119159355,669.9145179923883,6.758398398880131,861.2616928850108,3.607931613922119
150,1.183431952662722e-05,6.503960651184868,667.7812508935788,6.757535662532838,860.5189715504415,3.656040906906128
151,1.1764705882352942e-05,6.505911355571174,669.0851660718417,6.75726470080289,860.2858354281666,3.656878709793091
152,1.1695906432748537e-05,6.504532960146793,668.1635374706535,6.759522225245957,862.2301455677513,3.646317720413208
153,1.1627906976744185e-05,6.499196580551213,664.6074599314433,6.760035735516508,862.6730233044809,3.6588549613952637
154,1.1560693641618498e-05,6.499951414181951,665.1093173790499,6.758725509170659,861.5434665306076,3.661487579345703
155,1.149425287356322e-05,6.500693070735031,665.6027830311966,6.757534744325748,860.5181814161837,3.6624181270599365
156,1.1428571428571429e-05,6.5010229675554925,665.8223994964038,6.757914484039811,860.8450163965241,3.654867172241211
157,1.1363636363636363e-05,6.499262979613865,664.6515907089189,6.757782770582467,860.7316389900058,3.66178035736084
158,1.1299435028248586e-05,6.496245833630214,662.6492620094425,6.758375774730336,861.2422077918757,3.660017967224121
159,1.1235955056179776e-05,6.495654246121517,662.2573629161243,6.757423905301685,860.4228077064291,3.6569387912750244
160,1.11731843575419e-05,6.492882588185978,660.4243534518872,6.75774456843857,860.6987578241458,3.656038999557495
161,1.1111111111111112e-05,6.494143476608997,661.257600078553,6.757616106143668,860.5881975880592,3.696532964706421
162,1.1049723756906077e-05,6.4923285050453545,660.0585248110829,6.7577153237398,860.6735873162959,3.68827748298645
163,1.098901098901099e-05,6.490543473125015,658.8813502346735,6.757086225777618,860.132309592619,3.666987180709839
164,1.092896174863388e-05,6.491783823578142,659.699101059957,6.757462300544928,860.4558444836459,3.651761054992676
165,1.0869565217391303e-05,6.490543101887846,658.8811056334717,6.757933707276652,860.8615647832136,3.6426522731781006
166,1.0810810810810812e-05,6.486760196767651,656.3933294028409,6.757169861438846,860.2042503354389,3.665515899658203
167,1.075268817204301e-05,6.487468270887121,656.858269118048,6.757160517795027,860.1962129308619,3.6621909141540527
168,1.0695187165775402e-05,6.4862252124900985,656.0422632075405,6.757055877654021,860.1062065870681,3.6600818634033203
169,1.0638297872340426e-05,6.486260329807265,656.0653020563009,6.75710972478567,860.152522086174,3.643826484680176
170,1.0582010582010582e-05,6.484264153983972,654.7569866101052,6.756816458110967,859.9003050015243,3.655797243118286
171,1.0526315789473684e-05,6.4818212820225005,653.1594512076164,6.75687651200728,859.9519469159144,3.6723999977111816
172,1.0471204188481675e-05,6.481651115826783,653.0483150046881,6.75669090412865,859.7923478712017,3.665602207183838
173,1.0416666666666668e-05,6.480956018226853,652.5945404153744,6.756939639729902,860.0062354374247,3.637779712677002
174,1.0362694300518135e-05,6.480329801289309,652.1860025908207,6.757653969378511,860.620782857976,3.649622678756714
175,1.0309278350515464e-05,6.478631986773577,651.0796511841652,6.756520188544408,859.6455804463076,3.6521658897399902
176,1.0256410256410258e-05,6.478122094772404,650.7477555005681,6.7574707535672776,860.4631179668717,3.642101764678955
177,1.0204081632653061e-05,6.477180031543126,650.134998641746,6.75604269327211,859.2352017305383,3.6447861194610596
178,1.0152284263959392e-05,6.478502072182848,650.9950719319082,6.756690912010256,859.7923546477459,3.6576569080352783
179,1.0101010101010101e-05,6.475274489570585,648.8973187140521,6.755884879876759,859.0996136050409,3.6214046478271484
180,1.0050251256281406e-05,6.474330889411239,648.2853078928789,6.756472504828587,859.6045903280317,3.6110219955444336
181,1e-05,6.470454000710418,645.7768435682053,6.7569573694024205,860.0214832015115,3.61371111869812
182,9.950248756218906e-06,6.473550029476313,647.7792854615777,6.756524992383216,859.6497100550275,3.6612114906311035
183,9.900990099009901e-06,6.469832846842099,645.3758413386886,6.7549028830094775,858.2563945627878,3.653472900390625
184,9.852216748768473e-06,6.469754601752809,645.3253458238964,6.755873550068248,859.0898802260657,3.644648790359497
185,9.803921568627451e-06,6.468210251034585,644.3295063232338,6.755437003679512,858.7149294889033,3.6357524394989014
186,9.756097560975611e-06,6.467492990534705,643.8675199215457,6.75478138805421,858.1521270746372,3.6350293159484863
187,9.70873786407767e-06,6.4670283194775235,643.5684028212908,6.75615648395759,859.3329802561693,3.6594762802124023
188,9.66183574879227e-06,6.465029432026613,642.2832668660577,6.757620011479402,860.5915584804621,3.655466318130493
189,9.615384615384616e-06,6.464991890412032,642.2591549678035,6.75677926875343,859.8683264562702,3.656791925430298
190,9.569377990430622e-06,6.465795951646797,642.7757783275608,6.755855154400029,859.0740768390161,3.6606967449188232
191,9.523809523809525e-06,6.461389762239906,639.9498169347169,6.7554276127460575,858.7068653920086,3.660660743713379
192,9.47867298578199e-06,6.459841478126755,638.9597594428648,6.756094960141773,859.2801124384981,3.6551027297973633
193,9.433962264150942e-06,6.460655040904688,639.4798048358474,6.756373850767278,859.5197910270421,3.6520369052886963
194,9.389671361502347e-06,6.460542097623768,639.407583967115,6.755640136308907,858.8893802281495,3.6555657386779785
195,9.345794392523363e-06,6.459158912134784,638.523776051476,6.754798546310298,858.1668515949199,3.653981924057007
196,9.302325581395349e-06,6.459355407927681,638.6492556148345,6.753847000027491,857.3506545034954,3.655388116836548
197,9.259259259259259e-06,6.458136070235093,637.8710010790894,6.754139356376711,857.6013430542562,3.659912347793579
198,9.216589861751152e-06,6.457973522382744,637.7673249441832,6.753671776164662,857.2004393710364,3.659062623977661
199,9.174311926605506e-06,6.4551497193365135,635.9689359723568,6.753895739878505,857.3924426650287,3.669626235961914
200,9.132420091324201e-06,6.4548139228329635,635.7554156789812,6.754088590952976,857.557807663736,3.6499242782592773
201,9.090909090909091e-06,6.454037411734782,635.2619361639336,6.753418390415916,856.9832645115505,3.6560797691345215
202,9.049773755656109e-06,6.45403561940009,635.2607975629471,6.753115094397679,856.7233843120353,3.656160831451416
203,9.009009009009008e-06,6.450417929145911,632.9667728042034,6.75371214969099,857.235048274181,3.656805992126465
204,8.968609865470853e-06,6.454030956219194,635.2578352338392,6.754470600569544,857.8854655732781,3.651350498199463
205,8.928571428571428e-06,6.452590841694451,634.3436496223471,6.753342864927181,856.9185428757578,3.652320146560669
206,8.88888888888889e-06,6.450755351807427,633.1803861743032,6.753496568065044,857.0502640674115,3.6262550354003906
207,8.849557522123894e-06,6.449949213363582,632.6701608068927,6.753065061963294,856.6805214277998,3.64139986038208
208,8.81057268722467e-06,6.449338039103496,632.2836072273143,6.753510802245337,857.0624635622152,3.64408802986145
209,8.771929824561403e-06,6.44828047158892,631.6152780881965,6.752380784878061,856.0945150958389,3.635450839996338
210,8.733624454148471e-06,6.446643227671349,630.5820158978306,6.752493038650386,856.1906203286121,3.648134231567383
211,8.695652173913044e-06,6.4432902851841485,628.4712512787216,6.75330336625911,856.8846964031183,3.6161789894104004
212,8.658008658008657e-06,6.447513833680378,631.1312434357633,6.752997410198874,856.6225674393472,3.607652425765991
213,8.620689655172412e-06,6.445209769629614,629.6787505872989,6.753147944931157,856.7515285945273,3.626066207885742
214,8.583690987124463e-06,6.443393636056793,628.5362076875665,6.752519946453,856.2136588467802,3.642589569091797
215,8.547008547008546e-06,6.442915291847589,628.2356229295644,6.7533830650581805,856.9529918058581,3.6571271419525146
216,8.510638297872341e-06,6.443034491723187,628.3105130010191,6.751671440345197,855.4874644614192,3.655116319656372
217,8.47457627118644e-06,6.439837934223879,626.3052889332521,6.752472152394697,856.1727378991462,3.637805700302124
218,8.438818565400844e-06,6.440254920337333,626.5665039992624,6.751713748805779,855.5236595847624,3.6337945461273193
219,8.403361344537815e-06,6.4398434995070035,626.3087745092063,6.751545645973899,855.3798557221033,3.648768901824951
220,8.368200836820084e-06,6.438579245391322,625.5174613791852,6.750664301155028,854.6263032366627,3.6534483432769775
221,8.333333333333334e-06,6.437113765585576,624.6014495337612,6.750678101846995,854.6380977524067,3.67797589302063
222,8.298755186721992e-06,6.437169450751702,624.6362315376524,6.751098045632859,854.9970730801745,3.673506021499634
223,8.264462809917356e-06,6.43599225850576,623.9013472442635,6.751281344200954,855.1538071835246,3.6555397510528564
224,8.23045267489712e-06,6.436008405480774,623.9114214450624,6.751987867118898,855.7582064324861,3.657061815261841
225,8.196721311475409e-06,6.435952563142572,623.8765817452324,6.752581801296266,856.2666214464301,3.6569809913635254
226,8.16326530612245e-06,6.43590523797555,623.8470573804287,6.752227858078381,855.9636053114845,3.653057336807251
227,8.130081300813007e-06,6.434661894294837,623.071883087794,6.752268834547563,855.9986803964002,3.647840976715088
228,8.097165991902834e-06,6.434453678949708,622.9421634658938,6.751666979356245,855.4836481498044,3.6539864540100098
229,8.064516129032258e-06,6.4324667725951885,621.7056645333854,6.751514868302778,855.353529527352,3.6501097679138184
230,8.032128514056224e-06,6.431958819458925,621.3899473827994,6.752219740024283,855.9566565808354,3.6590070724487305
231,8e-06,6.431157026986708,620.8919212841456,6.752995286106078,856.6207478954555,3.648381471633911
232,7.96812749003984e-06,6.430842560452965,620.6967022503658,6.7529975520677805,856.6226889674631,3.6506619453430176
233,7.936507936507936e-06,6.429840362941758,620.074953169887,6.753185394381688,856.7836140693033,3.6418824195861816
234,7.90513833992095e-06,6.42848315300348,619.2339521175556,6.752515379062369,856.2097481934674,3.6349008083343506
235,7.874015748031496e-06,6.428400470258852,619.1827542714462,6.7527121709398,856.3782598976126,3.626922845840454
236,7.84313725490196e-06,6.427447296928438,618.5928469700387,6.75243464383212,856.1406246926941,3.6496546268463135
237,7.8125e-06,6.425269333589742,617.2470405183034,6.752444633767625,856.1491775250387,3.668647289276123
238,7.782101167315174e-06,6.425198738360098,617.203467359778,6.751965077455378,855.7387042131325,3.661623477935791
239,7.751937984496124e-06,6.424536853184516,616.7950847005375,6.7531496079500055,856.7529533896528,3.66260027885437
240,7.722007722007722e-06,6.423844472942434,616.3681757791837,6.752867127253005,856.5109713974518,3.6545655727386475
241,7.692307692307692e-06,6.424576405701208,616.8194809808846,6.751646609345744,855.4662221163926,3.6577036380767822
242,7.662835249042145e-06,6.423717168472356,616.2897143495443,6.751538721983098,855.373933100355,3.652303695678711
243,7.633587786259541e-06,6.421220796609641,614.7531447698689,6.751892491805652,855.6765921175418,3.638637065887451
244,7.604562737642586e-06,6.420684854155446,614.4237607340654,6.751311538633236,855.179628457074,3.627105712890625
245,7.575757575757576e-06,6.4213272074261445,614.8185646345806,6.7512427558583665,855.1208088521279,3.6115238666534424
246,7.5471698113207555e-06,6.422265675344181,615.3958229597457,6.751036967127776,854.944852731887,3.656683921813965
247,7.518796992481203e-06,6.416964708172713,612.1422610360737,6.751346844286958,855.2098216658991,3.6518185138702393
248,7.49063670411985e-06,6.421008048651045,614.622371204676,6.751152574523421,855.0436963931504,3.657927989959717
249,7.462686567164179e-06,6.4166707943437435,611.962370397727,6.751748325410953,855.5532411999704,3.661827802658081
250,7.434944237918215e-06,6.416970016004702,612.1455101929716,6.752041458098357,855.8040685818362,3.6582071781158447
251,7.4074074074074075e-06,6.4133882841838785,609.9568910034168,6.751327195443397,855.1930179469886,3.6638472080230713
252,7.380073800738008e-06,6.417990386946519,612.7704444618996,6.750775159883105,854.7210512733474,3.653407573699951
253,7.352941176470588e-06,6.414846984715933,610.8472846958479,6.751343380321156,855.206859253454,3.6590819358825684
254,7.326007326007326e-06,6.416362368293075,611.7736543646337,6.750361194295332,854.3672993965785,3.655226945877075
255,7.2992700729927e-06,6.412465567854853,609.3943334005431,6.750771557989199,854.7179726643461,3.641117572784424
256,7.272727272727273e-06,6.4119504949053985,609.0805316861826,6.750953323584943,854.8733451060947,3.659428596496582
257,7.2463768115942025e-06,6.415042706927516,610.9668527780314,6.751168353498475,855.0571882127489,3.6622095108032227
258,7.2202166064981945e-06,6.411771906905932,608.9717669248441,6.750782576474276,854.7273904134577,3.6628363132476807
259,7.194244604316547e-06,6.410847917237507,608.4093431807221,6.750685644543861,854.6445440528195,3.6349472999572754
260,7.168458781362007e-06,6.410455560479553,608.1706764876297,6.750773083079945,854.7192761878107,3.636805295944214
261,7.1428571428571436e-06,6.409673339205239,607.6951384582958,6.749735658819025,853.8330294608306,3.647653102874756
262,7.1174377224199285e-06,6.409761703884141,607.7488396166839,6.75003606228789,854.0895623944743,3.669936418533325
263,7.092198581560283e-06,6.409195542642487,607.4048531641198,6.749834770013478,853.9176580659952,3.6591837406158447
264,7.06713780918728e-06,6.407415172675137,606.3244098852978,6.749384482044819,853.5332357752046,3.6581103801727295
265,7.042253521126761e-06,6.408714822433537,607.1129315481214,6.750592200224065,854.5646861059272,3.6499509811401367
266,7.017543859649123e-06,6.406431025803856,605.7279911442854,6.751335794275457,855.2003716397451,3.6642534732818604
267,6.993006993006993e-06,6.405402511383842,605.1053114432046,6.750944941497046,854.8661795126069,3.6562864780426025
268,6.968641114982578e-06,6.408007855886042,606.6838746972555,6.75087995765623,854.8106288298463,3.664330005645752
269,6.944444444444445e-06,6.405518434794676,605.1754613807518,6.750534715731282,854.5155633003097,3.6615495681762695
270,6.9204152249134946e-06,6.406364851857459,605.6879090588776,6.749956036402175,854.0212158555461,3.6623806953430176
271,6.896551724137932e-06,6.405073848200458,604.9064682832658,6.750087875965213,854.1338170619538,3.6641414165496826
272,6.8728522336769755e-06,6.403087725659808,603.7062422042006,6.750812873367436,854.7532863901674,3.6660828590393066
273,6.84931506849315e-06,6.40127088931497,602.6104025438578,6.750264892893389,854.2850265894295,3.668341636657715
274,6.825938566552901e-06,6.402718935299329,603.4836422104036,6.74947906525667,853.6139695080336,3.6653032302856445
275,6.802721088435374e-06,6.4008461780302515,602.3545214472493,6.749366468634487,853.517860869274,3.647177219390869
276,6.779661016949153e-06,6.402605566344036,603.4152297783461,6.749417068544498,853.5610498888982,3.6100051403045654
277,6.756756756756757e-06,6.402252235330737,603.2020621253575,6.74944599797903,853.5857432845908,3.6083850860595703
278,6.734006734006733e-06,6.401790103584911,602.9233677050315,6.7504017175721724,854.4019218606787,3.6493887901306152
279,6.7114093959731546e-06,6.399566309851126,601.5840801994846,6.750468711222499,854.4591632816548,3.6600074768066406
280,6.688963210702341e-06,6.396486106348652,599.7339296914575,6.7510497983822155,854.9558228172039,3.6617743968963623
281,6.666666666666667e-06,6.396916458228115,599.9920818594292,6.749974242911851,854.0367647426218,3.659700393676758
282,6.644518272425249e-06,6.398628579905105,601.0202212074813,6.750218667274664,854.2455376482155,3.660032033920288
283,6.62251655629139e-06,6.396254501015331,599.5950441986988,6.75086449000461,854.797407019094,3.652336835861206
284,6.600660066006601e-06,6.396809523913993,599.9279255479937,6.751040580844091,854.9479422656318,3.652230739593506
285,6.578947368421052e-06,6.3938186289414825,598.1362847718846,6.749715316394144,853.8156606032304,3.6605944633483887
286,6.557377049180328e-06,6.396189425226956,599.5560263480644,6.749960426456672,854.0249650634555,3.6604011058807373
287,6.5359477124183e-06,6.394487908162784,598.5367389516715,6.749693401588881,853.7969496043225,3.6545321941375732
288,6.514657980456026e-06,6.393288920570341,597.8195308757591,6.750772381617018,854.7186766341359,3.6606032848358154
289,6.493506493506494e-06,6.393848325868533,598.1540478452529,6.7507397241828855,854.6907641710287,3.6631224155426025
290,6.472491909385113e-06,6.394617075776849,598.6140555074622,6.750446847647675,854.4404819540251,3.657566785812378
291,6.451612903225806e-06,6.394961292446939,598.8201439118154,6.751169610614619,855.0582631196203,3.6487603187561035
292,6.430868167202572e-06,6.392610551973269,597.4141264016757,6.752245465586008,855.978676829879,3.6457667350769043
293,6.41025641025641e-06,6.390604879518436,596.2171101567506,6.751736443890028,855.5430759866216,3.6405200958251953
294,6.3897763578274765e-06,6.39211127113375,597.1159234248163,6.751369058593245,855.2288197698311,3.6484758853912354
295,6.369426751592357e-06,6.390577457493467,596.2007609004348,6.751769215607446,855.5711140619721,3.6597588062286377
296,6.349206349206349e-06,6.3902439719106,596.0019696910239,6.751589424353986,855.417303686245,3.667954921722412
297,6.329113924050633e-06,6.388722535980618,595.0958803332303,6.75112377907619,855.0190753819988,3.646512985229492
298,6.309148264984227e-06,6.388595084161717,595.0200391140149,6.750997488163719,854.9111010610202,3.6303317546844482
299,6.289308176100629e-06,6.388384304947096,594.8946344742968,6.7516759170973595,855.4912942753485,3.628215789794922
300,6.269592476489028e-06,6.3855638487656226,593.2191241875607,6.750880399026161,854.8110061176377,3.6518547534942627
