epoch,lr,train_loss,train_ppl,val_loss,val_ppl,time
1,5e-05,8.660412775293441,5769.91584972941,7.06541147704952,1170.7636147143685,5.3146281242370605
2,4.761904761904762e-05,7.189386157416479,1325.2894367780016,6.914917063121953,1007.187491048315,4.976316452026367
3,4.545454545454545e-05,7.031828488607775,1132.098748490985,6.856692999847664,950.2194898421982,4.965368270874023
4,4.347826086956522e-05,6.945589017254089,1038.5585459847503,6.823797848599016,919.4703967645388,4.951521396636963
5,4.166666666666667e-05,6.89051259126786,982.9051166912049,6.805351572588456,902.6650664426433,4.9515135288238525
6,4e-05,6.849919985087644,943.8053851450212,6.79399511242701,892.4719748451093,4.934943914413452
7,3.846153846153846e-05,6.820009635958037,915.9938365167949,6.785233131124953,884.6863108204361,4.967941045761108
8,3.7037037037037037e-05,6.794552029458238,892.9691461165187,6.779185306927389,879.3520301972735,4.936782121658325
9,3.571428571428572e-05,6.772973283268351,873.9064062652787,6.77162581435905,872.7296375608704,4.936999320983887
10,3.4482758620689657e-05,6.75253728121647,856.2285012366804,6.767444196811392,869.08783561224,4.953963041305542
11,3.3333333333333335e-05,6.735060413507944,841.3943141337836,6.762953344455435,865.1936411291427,4.939449071884155
12,3.2258064516129034e-05,6.718284519342905,827.3969099278928,6.758119496432218,861.021518384756,4.938222885131836
13,3.125e-05,6.7043197255277835,815.9227860333748,6.756855070098372,859.9335081022858,4.911704063415527
14,3.0303030303030306e-05,6.689096050508033,803.5955139695662,6.7545690260642814,857.9699075302079,4.95035719871521
15,2.941176470588235e-05,6.675458564676441,792.7108797500423,6.75212548783988,855.8759845980135,4.94043755531311
16,2.8571428571428574e-05,6.663370986660151,783.186603826192,6.749568470253432,853.690290273891,4.937310695648193
17,2.777777777777778e-05,6.649820694493633,772.6457734722925,6.747087458933681,851.574900238564,4.943228721618652
18,2.7027027027027027e-05,6.639591665227014,764.7826419060011,6.744923985694066,849.7345322416643,4.899121284484863
19,2.6315789473684212e-05,6.629478527036348,757.0872671440687,6.741582594627191,846.8999751855237,4.885228633880615
20,2.564102564102564e-05,6.617646660620562,748.1822968296565,6.74004651692288,845.6000696494131,4.874612331390381
21,2.5e-05,6.6080779206599285,741.057278078243,6.739794250362175,845.3867799321737,4.8721864223480225
22,2.439024390243903e-05,6.597953449298384,733.5923180422775,6.7386298888970995,844.4030169815151,4.874290704727173
23,2.380952380952381e-05,6.589114478933965,727.1366898666645,6.735912492452574,842.1115540421048,4.872860670089722
24,2.325581395348837e-05,6.578511596237641,719.4676735266235,6.735659098822223,841.8981953712718,4.874210357666016
25,2.2727272727272726e-05,6.569889563040672,713.2910650865999,6.735822342644053,842.0356412685675,4.8795390129089355
26,2.2222222222222223e-05,6.561833926843471,707.5681336386916,6.735897414940448,842.098857190656,4.876241683959961
27,2.173913043478261e-05,6.5544505446765555,702.3631266224988,6.735370107918731,841.6549296036331,4.862482786178589
28,2.1276595744680852e-05,6.545249812081137,695.930509085046,6.733713981533839,840.2621962572899,4.869004011154175
29,2.0833333333333333e-05,6.537892955976495,690.8294354106158,6.733063315557054,839.7156440653472,4.875927925109863
30,2.0408163265306123e-05,6.5303102542402405,685.6108921840148,6.733471795547107,840.058721168578,4.8662497997283936
31,2e-05,6.523345517498229,680.852382929907,6.732504497874867,839.2465272030413,4.86665415763855
32,1.9607843137254906e-05,6.515603971685975,675.6018827324974,6.73121116969211,838.1618076175346,4.8829262256622314
33,1.923076923076923e-05,6.509284623600383,671.345980694408,6.730771447016188,837.7933298845782,4.875612735748291
34,1.8867924528301885e-05,6.502293964926265,666.6691960396598,6.729650509258932,836.8547418559912,4.879131317138672
35,1.8518518518518518e-05,6.494986101076838,661.8150267296111,6.728909504315085,836.2348580518395,4.885882377624512
36,1.8181818181818182e-05,6.488677225399426,657.6528611024462,6.728172282542079,835.6185946964309,4.885111093521118
37,1.785714285714286e-05,6.481203433270107,652.7560220974934,6.727425358512185,834.9946841241311,4.8764612674713135
38,1.7543859649122806e-05,6.47670229146409,649.8244772762674,6.727017047976659,834.6538165921335,4.886036157608032
39,1.7241379310344825e-05,6.469715009533796,645.2997964672509,6.725805262888759,833.6430081086429,4.863821029663086
40,1.694915254237288e-05,6.464447599009895,641.9096739501954,6.725796975380133,833.6360993136506,4.8724281787872314
41,1.6666666666666667e-05,6.458340018194632,638.0011068351595,6.725464580472836,833.3590489673126,4.875955581665039
42,1.6393442622950818e-05,6.452404919407399,634.225721963262,6.724771003092616,832.781250378526,4.877017498016357
43,1.6129032258064517e-05,6.447918997506727,631.3870067948138,6.724944185619512,832.9254860290041,4.876152753829956
44,1.5873015873015876e-05,6.442788138819354,628.155745946072,6.724929915971993,832.91360056071,4.869148015975952
45,1.5625e-05,6.437309791908755,624.7238998607172,6.724663986647425,832.6921338580398,4.872765064239502
46,1.5384615384615384e-05,6.431403466253322,621.0449522895233,6.725064143661625,833.025408132645,4.884954452514648
47,1.5151515151515151e-05,6.425801677458276,617.5757156720337,6.724987077318932,832.9612123847672,4.876729488372803
48,1.4925373134328359e-05,6.4217458303394235,615.0759956527479,6.724542341941644,832.5908474290148,4.87303614616394
49,1.4705882352941175e-05,6.416266232191749,611.7148436575704,6.724296282145603,832.3860054976258,4.9056737422943115
50,1.4492753623188405e-05,6.412078304454492,609.1583829692618,6.724604563279585,832.642653957218,4.908088207244873
51,1.4285714285714287e-05,6.406395510235569,605.7064787524671,6.724905400236776,832.8931813217174,4.8756263256073
52,1.4084507042253522e-05,6.4021664246980725,603.1503031955472,6.72391551782277,832.0691229365227,4.867335081100464
53,1.388888888888889e-05,6.397271237352887,600.2049842895368,6.723562027797226,831.7750467805575,4.868602991104126
54,1.36986301369863e-05,6.392586522245612,597.3997708754,6.723493319897612,831.7178992274083,4.865969896316528
55,1.3513513513513513e-05,6.3883318888782945,594.8634532534121,6.723393708221184,831.6350545393685,4.875962972640991
56,1.3333333333333333e-05,6.384651143970408,592.6779372578234,6.723523857179752,831.7432980193613,4.878033399581909
57,1.3157894736842104e-05,6.379640843632907,589.7158694099436,6.724108625049434,832.2298170123396,4.877017259597778
58,1.2987012987012988e-05,6.375769700308214,587.4374077298445,6.724136226433368,832.2527880240547,4.9081127643585205
59,1.282051282051282e-05,6.372188914384965,585.3376817077083,6.724276306215397,832.3693779789512,4.8842432498931885
60,1.2658227848101267e-05,6.36716697144406,582.405518010807,6.724273665877413,832.3671802453673,4.866218328475952
61,1.25e-05,6.363303032658131,580.1594808102006,6.7238401539069566,832.0064173120909,4.871120929718018
62,1.2345679012345677e-05,6.3604990300190805,578.5349906965918,6.7244814092462715,832.5401169701257,4.8683741092681885
63,1.2195121951219515e-05,6.356095255904955,575.9928548847375,6.724782423539595,832.7907611669491,4.863453388214111
64,1.2048192771084337e-05,6.351212944390948,573.1875321396471,6.725211360237815,833.148052308516,4.870649337768555
65,1.1904761904761905e-05,6.347647770484629,571.1476573215185,6.72541515886291,833.3178640391877,4.871245384216309
66,1.1764705882352942e-05,6.343369518329146,568.7093631631994,6.725929835611138,833.7468637563117,4.868950128555298
67,1.1627906976744185e-05,6.340990665746861,567.3580952968242,6.726231630183449,833.9985220071112,4.861981391906738
68,1.149425287356322e-05,6.336936270013899,565.0624579120636,6.72650617804409,834.2275259519394,4.868494749069214
69,1.1363636363636363e-05,6.334004576932719,563.4082941487685,6.7266968419729185,834.3865982137634,4.869687080383301
70,1.1235955056179776e-05,6.329556605130306,560.907835051445,6.726467743392818,834.1954633240596,4.857756853103638
71,1.1111111111111112e-05,6.325728477428911,558.7647129199637,6.726276854838222,834.0362401552388,4.860936164855957
72,1.0989010989010989e-05,6.323119016573664,557.3085390149994,6.726237931527382,834.0037773351957,4.867599248886108
73,1.0869565217391305e-05,6.31910299579473,555.0748645856349,6.726207744976706,833.978602017887,4.8690149784088135
74,1.075268817204301e-05,6.316325609673758,553.5353462686747,6.726283633019313,834.0418934230706,4.86655068397522
75,1.0638297872340426e-05,6.313121642984545,551.7646755576365,6.726375650768437,834.1186436119144,4.860437393188477
76,1.0526315789473684e-05,6.310149183805408,550.1270127318003,6.726541633448325,834.2571043504497,4.863140106201172
77,1.0416666666666666e-05,6.307034557981041,548.4162385250287,6.7268223171391766,834.491299579471,4.864926099777222
78,1.0309278350515465e-05,6.302864528213959,546.1340881102632,6.727072794575337,834.7003470004258,4.8697733879089355
79,1.0204081632653061e-05,6.301498262462697,545.3884333073829,6.7269342477656595,834.5847099410702,4.872870683670044
80,1.0101010101010101e-05,6.297300518428819,543.103830708543,6.726905680884999,834.5608687997957,4.871366500854492
81,1e-05,6.294899421904732,541.8013503047573,6.726776225507752,834.4528374004631,4.866454362869263
82,9.900990099009901e-06,6.2913335894310425,539.8728179107368,6.726952048372631,834.599566187701,4.895256757736206
83,9.803921568627451e-06,6.288132664676388,538.147488441557,6.726894737275178,834.55173574125,4.8985137939453125
84,9.70873786407767e-06,6.284169820449895,536.0191137679844,6.727297633147437,834.888040934204,4.877712726593018
85,9.615384615384616e-06,6.283304445324026,535.5554568074745,6.726874414554312,834.5347755516154,4.870574235916138
86,9.523809523809525e-06,6.278365277220763,532.9167801757012,6.727175007181719,834.7856682588208,4.869883298873901
87,9.433962264150944e-06,6.276603356963063,531.9786500030108,6.727639355935341,835.1733899554945,4.858927249908447
88,9.345794392523363e-06,6.273700824622944,530.4368034792886,6.728042795638408,835.5104000370003,4.867621421813965
89,9.259259259259259e-06,6.2711092711518255,529.0639278486956,6.728059303662008,835.5241927762477,4.8720011711120605
90,9.174311926605506e-06,6.267585988515436,527.203166017974,6.728150753935506,835.6006051861059,4.870840311050415
91,9.090909090909091e-06,6.264760895348414,525.7158698203813,6.728673627553892,836.0376329432504,4.871775388717651
92,9.00900900900901e-06,6.262857723236084,524.7162935225076,6.728956525976008,836.2741801282745,4.870989084243774
93,8.928571428571428e-06,6.260326357665492,523.3897244867153,6.728868555431523,836.2006158691016,4.869781494140625
94,8.849557522123894e-06,6.257303448705714,521.8099539533506,6.729121160901283,836.4118713995142,4.870995759963989
95,8.771929824561403e-06,6.255699310384595,520.9735696273001,6.729174543018184,836.4565220275726,4.872828006744385
96,8.695652173913044e-06,6.252335156698595,519.2238792365991,6.729336029241893,836.5916091396724,4.860964775085449
97,8.620689655172412e-06,6.248646221652051,517.3120245933608,6.72960456737802,836.8162960582431,4.869110822677612
98,8.547008547008546e-06,6.247249059308752,516.589760390528,6.729918531149872,837.0790673070684,4.870387554168701
99,8.47457627118644e-06,6.2449453763184115,515.4010710539286,6.730093266353134,837.2253472677979,4.870988607406616
100,8.403361344537815e-06,6.241821521955498,513.7935453148618,6.730286960759439,837.3875288407046,4.870441913604736
101,8.333333333333334e-06,6.239685969700629,512.6974831162341,6.730569945879219,837.6245305832581,4.872578382492065
102,8.264462809917356e-06,6.236632394995301,511.13431089650624,6.730695196419708,837.7294500789147,4.87024998664856
103,8.196721311475409e-06,6.234546655237419,510.0693287665204,6.73108660879214,838.0574119304022,4.859239816665649
104,8.130081300813007e-06,6.23157885801127,508.55779050643747,6.730792691884947,837.8111288829863,4.866039037704468
105,8.064516129032258e-06,6.229379020740034,507.44027575027434,6.730932598271646,837.9283522107194,4.875658750534058
106,8e-06,6.227815539642465,506.6475223599523,6.731185964316376,838.140681700492,4.919360160827637
107,7.936507936507936e-06,6.224684289596623,505.06356346221287,6.73132728939214,838.2591403662269,4.909770965576172
108,7.874015748031496e-06,6.223114923550847,504.27155549251825,6.731685358630724,838.559348922871,4.908156394958496
109,7.8125e-06,6.221929097073272,503.67393133943034,6.731636543904454,838.518415876868,4.864709138870239
110,7.751937984496124e-06,6.218846184398995,502.12353968180184,6.732030037020849,838.8484320267692,4.869738817214966
111,7.692307692307692e-06,6.215727129923939,500.55982892555585,6.73208556293456,838.8950111455849,4.8704993724823
112,7.633587786259541e-06,6.212718227288242,499.05595677402596,6.731957845451418,838.7878764277747,4.866925954818726
113,7.575757575757576e-06,6.209972501926668,497.6875656494669,6.7320538473523355,838.8684055237899,4.867357492446899
114,7.518796992481203e-06,6.209409666266053,497.40752815461155,6.732206588934276,838.996545396984,4.857939004898071
115,7.462686567164179e-06,6.207516109482925,496.46654993470196,6.732597902786633,839.3249206119724,4.8632941246032715
116,7.4074074074074075e-06,6.204022523364284,494.73512748521915,6.732767723808604,839.4674677311625,4.866927862167358
117,7.352941176470588e-06,6.203298736948824,494.3771744770836,6.732751507404422,839.4538546977856,4.870643377304077
118,7.2992700729927e-06,6.201378056522091,493.4285452130972,6.732998796730987,839.6614683454579,4.871681213378906
119,7.2463768115942025e-06,6.198411620635332,491.9669899457989,6.733243958023954,839.8673460722858,4.866893768310547
120,7.194244604316547e-06,6.1968185236525635,491.1838627828835,6.733259315333091,839.8802442737936,4.865943670272827
121,7.1428571428571436e-06,6.194309187140076,489.9528623248,6.733541236436071,840.1170576184022,4.859881401062012
122,7.092198581560283e-06,6.191905259472106,488.77646563585085,6.733499259002937,840.0817924009682,4.866339445114136
123,7.042253521126761e-06,6.190507756180006,488.0938759877561,6.733654282309792,840.2120347534938,4.870213270187378
124,6.993006993006993e-06,6.187791458833883,486.7698669030079,6.733673139051958,840.2278785645786,4.864004850387573
125,6.944444444444445e-06,6.185581794624165,485.6954564300885,6.733788186853582,840.3245504957107,4.864043474197388
126,6.896551724137932e-06,6.182920884881408,484.40478260288677,6.7340127732142925,840.5132971224879,4.866032123565674
127,6.84931506849315e-06,6.1822919362604365,484.1002126723355,6.734281161599908,840.7389114041629,4.865122318267822
128,6.802721088435374e-06,6.180954225073557,483.453059350897,6.734553628716587,840.9680163215942,4.864375114440918
129,6.756756756756757e-06,6.179012323551423,482.5151520755819,6.734782163761864,841.1602289481043,4.871980428695679
130,6.7114093959731546e-06,6.174363713817024,480.2773328466322,6.7348627137743735,841.227987143994,4.86723518371582
131,6.666666666666667e-06,6.174144852519547,480.17223022828375,6.735186383743916,841.500311450194,4.880073547363281
132,6.62251655629139e-06,6.174552631378174,480.36807424008083,6.7353657730354755,841.6512811356794,4.886183023452759
133,6.578947368421052e-06,6.172043328837775,479.1641964895072,6.735586150618624,841.8367826503068,4.88114857673645
134,6.5359477124183e-06,6.168627826134022,477.5304015845875,6.735517990490622,841.7794049029039,4.866827011108398
135,6.493506493506494e-06,6.167012564204793,476.7596875269667,6.7355879121575475,841.8382655798729,4.865010976791382
136,6.451612903225806e-06,6.1650818914814565,475.84010859129995,6.735656549122708,841.8960487865875,4.870038032531738
137,6.41025641025641e-06,6.163902264705543,475.2791257983653,6.735822862830044,842.0360792838253,4.870701551437378
138,6.369426751592357e-06,6.161589941344036,474.1813964143099,6.73598100331204,842.1692498048094,4.878187894821167
139,6.329113924050633e-06,6.16076095278171,473.78846834915316,6.736191607703847,842.34663302565,4.9201343059539795
140,6.289308176100629e-06,6.159300249124289,473.09690900518564,6.736341299104296,842.4727345107299,4.905415058135986
141,6.25e-06,6.156096641802481,471.58371741357246,6.736657611594713,842.7392613101465,4.869086742401123
142,6.2111801242236025e-06,6.153613844040637,470.4143227014498,6.736606680657252,842.6963409025309,4.867683172225952
143,6.172839506172838e-06,6.1521491545975975,469.72581615635687,6.736878477837428,842.9254145211042,4.8674492835998535
144,6.134969325153374e-06,6.149577341775526,468.51932138387264,6.736783937974409,842.8457282347048,4.875441789627075
145,6.097560975609757e-06,6.149424524675623,468.44772909033276,6.7370416113167755,843.062935093605,4.8698484897613525
146,6.060606060606061e-06,6.14658961193756,467.1216012724837,6.737184071343792,843.1830464174434,4.8649187088012695
147,6.024096385542168e-06,6.14693662537014,467.28372687102683,6.7371957794693875,843.1929185682427,4.872716426849365
148,5.988023952095808e-06,6.14436702278039,466.0845347797039,6.737306724895131,843.2864721551523,4.867874383926392
149,5.9523809523809525e-06,6.1416792202405155,464.83347363915055,6.73741706737802,843.3795276121676,4.861567497253418
150,5.91715976331361e-06,6.140638140240452,464.34979662330477,6.7375395435932255,843.4828278704744,4.861268043518066
151,5.882352941176471e-06,6.138254494319146,463.24426924088823,6.737684143476249,843.6048042073866,4.858035326004028
152,5.8479532163742686e-06,6.135734517584543,462.0783740912689,6.737771877572556,843.6788203593466,4.868275880813599
153,5.813953488372093e-06,6.135520040733108,461.97927960359453,6.737897608891006,843.7849038786493,4.871036529541016
154,5.780346820809249e-06,6.1327284829299336,460.69143612179755,6.7381490202974685,843.9970676971695,4.8639068603515625
155,5.74712643678161e-06,6.132062999577993,460.38495563082006,6.738483149158068,844.2791185937965,4.859095573425293
156,5.7142857142857145e-06,6.130590858377612,459.7077025979587,6.738672110660017,844.4386699181649,4.898704528808594
157,5.6818181818181815e-06,6.130037364632275,459.45332766384905,6.738754489205101,844.5082364125587,4.908202409744263
158,5.649717514124293e-06,6.126795034858802,457.966040900071,6.738750847903165,844.5051613086815,4.881924629211426
159,5.617977528089888e-06,6.126394789617972,457.7827788490676,6.738846849804082,844.5862393012598,4.871779918670654
160,5.58659217877095e-06,6.125701020203946,457.4652933024494,6.738859046589244,844.5965406009927,4.866967439651489
161,5.555555555555556e-06,6.123347154707356,456.389747873899,6.739110174257894,844.8086687956979,4.864673852920532
162,5.524861878453038e-06,6.120583252640753,455.13007291758544,6.739226514642889,844.9069598789732,4.919219732284546
163,5.494505494505495e-06,6.120116839183758,454.9178436240405,6.739476397017802,845.118113617389,4.920526504516602
164,5.46448087431694e-06,6.118036227164862,453.9723200659189,6.739524045266395,845.1583829747316,4.8652942180633545
165,5.434782608695652e-06,6.116268656489163,453.1706006619804,6.739624082549544,845.2429345522793,4.8704633712768555
166,5.405405405405406e-06,6.114484276178057,452.3626929862277,6.739822478333781,845.4106438230064,4.865270614624023
167,5.376344086021505e-06,6.114537652060709,452.3868388886432,6.7399139561929,845.4879837161695,4.867123603820801
168,5.347593582887701e-06,6.112819464523905,451.6102208390363,6.740140311974139,845.6793864709952,4.86998724937439
169,5.319148936170213e-06,6.110869147337557,450.73029600898,6.7404756940100805,845.963059712179,4.871812343597412
170,5.291005291005291e-06,6.108802845345035,449.79991265776323,6.740576818954846,846.0486120055286,4.868007183074951
171,5.263157894736842e-06,6.109457408512099,450.0944314932129,6.740742900154808,846.1891364431468,4.872995376586914
172,5.235602094240837e-06,6.106571556058564,448.7973977978589,6.740904516425014,846.3259054270171,4.863679647445679
173,5.208333333333334e-06,6.105519526403861,448.3254978962907,6.741130281085811,846.5169974780833,4.869318723678589
174,5.1813471502590676e-06,6.103652507143471,447.48924644848836,6.741130805212604,846.5174411604391,4.858002185821533
175,5.154639175257732e-06,6.101910739292914,446.71050245805435,6.741340388936445,846.6948760311348,4.864059209823608
176,5.128205128205129e-06,6.100509716001191,446.0850888512688,6.741528893305251,846.8544967584418,4.8715739250183105
177,5.102040816326531e-06,6.100245014076069,445.96702489604905,6.741779153997248,847.0664576724577,4.867929458618164
178,5.076142131979696e-06,6.099022433481503,445.422127424004,6.741947777015119,847.2093046181903,4.87083101272583
179,5.050505050505051e-06,6.097340406164079,444.6735449824416,6.742107241606909,847.3444152765094,4.871847629547119
180,5.025125628140703e-06,6.096116993048672,444.129858180031,6.742380201323958,847.5757377377666,4.8750951290130615
181,5e-06,6.0945854064221034,443.45015547343854,6.742641693304393,847.797400976313,4.909046649932861
182,4.975124378109453e-06,6.093715125808388,443.06439728326563,6.742722105388799,847.8655768735252,4.904015302658081
183,4.950495049504951e-06,6.091438496880265,442.0568513986219,6.742840207312718,847.9657173426538,4.86765456199646
184,4.926108374384236e-06,6.089438357782978,441.1735598543633,6.743017949348639,848.1164498910033,4.871023654937744
185,4.901960784313726e-06,6.089294984514622,441.1103118933164,6.7431226801281134,848.205278439346,4.860976219177246
186,4.8780487804878055e-06,6.087015331251939,440.1058786463582,6.7433037048529005,848.3588384650998,4.857851266860962
187,4.854368932038835e-06,6.085362273940713,439.37895939107455,6.7434519972682985,848.4846529748181,4.868145942687988
188,4.830917874396135e-06,6.085054192113263,439.2436155678789,6.743762863569023,848.7484592622277,4.8712544441223145
189,4.807692307692308e-06,6.082736174538412,438.22662030917024,6.743901670471696,848.8662795839543,4.86428165435791
190,4.784688995215311e-06,6.081773517674131,437.8049614339873,6.7439290984603,848.8895625978987,4.863108158111572
191,4.761904761904762e-06,6.080761341373297,437.36204981777024,6.744144585506975,849.072507013064,4.866692781448364
192,4.739336492890995e-06,6.0781813199939645,436.235100780166,6.744191378601326,849.1122386725722,4.863626480102539
193,4.716981132075471e-06,6.077719299987662,436.03359798889926,6.744470115535515,849.3489506034084,4.866264343261719
194,4.6948356807511736e-06,6.0768702183670245,435.66352700733387,6.7446724363595,849.520808967622,4.872708797454834
195,4.672897196261682e-06,6.074485553283036,434.625853150159,6.744735670483802,849.5745293705169,4.866591215133667
196,4.651162790697674e-06,6.074084301158594,434.4514935866569,6.745012212390742,849.8095048197387,4.869293689727783
197,4.6296296296296296e-06,6.0735095642155335,434.20187000414353,6.745193044016184,849.9631911490666,4.863346815109253
198,4.608294930875576e-06,6.072664238761934,433.834983202652,6.745388949212949,850.1297196666403,4.8701863288879395
199,4.587155963302753e-06,6.069987410844139,432.67523452422495,6.745534920495404,850.2538232496318,4.87073826789856
200,4.566210045662101e-06,6.068168413792557,431.8889149216631,6.745787912163853,850.4689575954321,4.864457368850708
201,4.5454545454545455e-06,6.06831969723681,431.9542575067485,6.745787273753773,850.4684146476507,4.86271071434021
202,4.5248868778280546e-06,6.065768949156667,430.85385503507996,6.7460692854952224,850.7082905486334,4.8654162883758545
203,4.504504504504504e-06,6.065641765430762,430.79906092100947,6.746093052477876,850.7285095580899,4.867621660232544
204,4.484304932735426e-06,6.063889963125466,430.04504676766214,6.746296003830334,850.9011835812998,4.862218379974365
205,4.464285714285714e-06,6.062696785988214,429.53223284963167,6.7465345169887065,851.1041589152402,4.8922131061553955
206,4.444444444444445e-06,6.062119297715216,429.28425463143446,6.74652219409785,851.093670916204,4.895431280136108
207,4.424778761061947e-06,6.061152768032745,428.8695391068327,6.746651263276408,851.2035279666117,4.874507427215576
208,4.405286343612335e-06,6.059949308403572,428.3537223748974,6.746886903589422,851.4041294663523,4.871151924133301
209,4.3859649122807014e-06,6.058718459902915,427.82680818025705,6.747036531937024,851.5315331907525,4.863511323928833
210,4.3668122270742355e-06,6.056765518270337,426.99210272584145,6.747211290785104,851.6803588645195,4.871485471725464
211,4.347826086956522e-06,6.055189339388082,426.3196169088303,6.747402900506642,851.8435647363375,4.872034549713135
212,4.329004329004329e-06,6.054633166759311,426.08257553087117,6.74749361779079,851.9208451763319,4.917479991912842
213,4.310344827586206e-06,6.053716729945891,425.6922766425488,6.74757757659786,851.9923744369249,4.9186930656433105
214,4.2918454935622316e-06,6.053589438573486,425.6380931370522,6.747731476775871,852.1235063053651,4.870259761810303
215,4.273504273504273e-06,6.0503080212507125,424.2436859920933,6.747936347299371,852.2980991780441,4.870827674865723
216,4.255319148936171e-06,6.050487837975629,424.31997896144514,6.7481589002057545,852.4878017057631,4.864479064941406
217,4.23728813559322e-06,6.04761074950255,423.1009273416655,6.748254799645794,852.5695587287511,4.8725175857543945
218,4.219409282700422e-06,6.047562475163538,423.08050291705433,6.748343865733501,852.6454971455636,4.871573209762573
219,4.201680672268908e-06,6.047905021880318,423.22545257886026,6.748466235547026,852.7498416002277,4.8691840171813965
220,4.184100418410042e-06,6.045329680053973,422.13690466198926,6.7485911865864905,852.8564002365064,4.871009588241577
221,4.166666666666667e-06,6.044556671355416,421.81071525257164,6.748681360039829,852.9333087108172,4.8710010051727295
222,4.149377593360996e-06,6.041948733104657,420.7120921469704,6.748923967692478,853.1402619619151,4.866285562515259
223,4.132231404958678e-06,6.04216525114657,420.8031937675877,6.749157673071239,853.339668730283,4.870199203491211
224,4.11522633744856e-06,6.041812509937859,420.6547853168158,6.749256839436933,853.42429551993,4.870603799819946
225,4.098360655737704e-06,6.03983815688432,419.8250835885297,6.749427960923881,853.5703472503147,4.8712403774261475
226,4.081632653061225e-06,6.039907236467616,419.85408593208433,6.749568486016644,853.6903037307923,4.859983444213867
227,4.065040650406504e-06,6.037728655082473,418.9403952721096,6.749816567444604,853.9021147124769,4.8588340282440186
228,4.048582995951417e-06,6.038001338811392,419.05464907815605,6.749973234066293,854.0359031518597,4.862068176269531
229,4.032258064516129e-06,6.035757195796066,418.11528494235324,6.7500780081946,854.1253887069587,4.869980573654175
230,4.016064257028112e-06,6.034753690973372,417.6959146926985,6.750220460340011,854.24706936766,4.907474994659424
231,4e-06,6.033251271636701,417.06883146255853,6.750423920056051,854.4208919161654,4.90821385383606
232,3.98406374501992e-06,6.033024412572639,416.97422634922333,6.750537391536492,854.5178498205646,4.86396050453186
233,3.968253968253968e-06,6.031007093012077,416.1339039705243,6.750671804443864,854.6327157687207,4.867248773574829
234,3.952569169960475e-06,6.0298556921308135,415.65504276028196,6.750766344306883,854.7135164479834,4.868093013763428
235,3.937007874015748e-06,6.030107102782941,415.7595560029633,6.750980641231064,854.8966985525939,4.870316743850708
236,3.92156862745098e-06,6.028283002959812,415.00186033675186,6.751024423551954,854.9341287335615,4.870547533035278
237,3.90625e-06,6.028514740088467,415.0980428203488,6.751153847402778,855.0447847613133,4.869532823562622
238,3.891050583657587e-06,6.025290982815329,413.76202214598584,6.751343597065318,855.2070446145683,4.860246896743774
239,3.875968992248062e-06,6.026060664704941,414.08060987091415,6.7514440836000045,855.2929857248106,4.870591640472412
240,3.861003861003861e-06,6.024632576709141,413.48968836704597,6.751701741179159,855.5133868377693,4.860284090042114
241,3.846153846153846e-06,6.023562047000607,413.04727222354103,6.751860996908393,855.6496430955666,4.871341705322266
242,3.8314176245210725e-06,6.02179820957102,412.3193661273301,6.75199443249663,855.7638248268021,4.870165824890137
243,3.816793893129771e-06,6.0203488399030824,411.7221958093731,6.7521535424161545,855.8999961729206,4.872026681900024
244,3.802281368821293e-06,6.020393426019234,411.74055331225964,6.752327237247435,856.0486744903029,4.868119478225708
245,3.787878787878788e-06,6.019054411204587,411.1895955641974,6.752472511007766,856.1730449339344,4.85781717300415
246,3.7735849056603777e-06,6.019008872232724,411.17087083913003,6.752658126768002,856.3319788944309,4.867143392562866
247,3.7593984962406014e-06,6.017252388737233,410.4492898987012,6.752806580756322,856.459114228664,4.87126898765564
248,3.745318352059925e-06,6.016974555576308,410.3352693151723,6.75292711809647,856.5623557543433,4.862904071807861
249,3.7313432835820897e-06,6.015160990375306,409.59177394244693,6.753086097969496,856.6985427541093,4.870947599411011
250,3.7174721189591075e-06,6.0134636543339415,408.8971487352527,6.753262921798328,856.8500408644367,4.869390964508057
251,3.7037037037037037e-06,6.012076941068592,408.33051860250015,6.753360685238168,856.9338135667462,4.868306398391724
252,3.690036900369004e-06,6.0140109811218,409.1210103553766,6.753583722863316,857.1249633654388,4.871112823486328
253,3.676470588235294e-06,6.011611036374334,408.1403198077705,6.753681825212211,857.2090534622921,4.860652685165405
254,3.663003663003663e-06,6.01103073455745,407.90354394601843,6.753786205260222,857.2985336543403,4.8823113441467285
255,3.64963503649635e-06,6.00881012928844,406.9987561471596,6.753921299926506,857.4143579370952,4.886667013168335
256,3.6363636363636366e-06,6.00971506225193,407.367229434363,6.753929575612722,857.4214536586398,4.878888845443726
257,3.6231884057971013e-06,6.0078595132786825,406.61204045180233,6.754090789921028,857.5596934080312,4.869489908218384
258,3.6101083032490973e-06,6.00684832748937,406.2010879444182,6.754256520389525,857.7018289555541,4.871002435684204
259,3.5971223021582737e-06,6.005738111012995,405.7503670490391,6.754373834152852,857.8024550872209,4.872490167617798
260,3.5842293906810035e-06,6.005275371043979,405.56265357137636,6.754600714060886,857.9970953084853,4.864028453826904
261,3.5714285714285718e-06,6.004224108012449,405.13652457278414,6.754673220894554,858.0593082165655,4.8995678424835205
262,3.5587188612099643e-06,6.004037714209168,405.0610166724416,6.754697823327435,858.080418822789,4.919968843460083
263,3.5460992907801415e-06,6.001124944400378,403.8828838202241,6.754780737821721,858.1515690764256,4.877826929092407
264,3.53356890459364e-06,6.001366305453583,403.98037718351156,6.754957916322819,858.3036285555864,4.8673529624938965
265,3.5211267605633804e-06,6.000689086995923,403.70688683235966,6.75504911832573,858.3819111353267,4.872483253479004
266,3.5087719298245615e-06,5.99760818072143,402.46501777506387,6.755251986921326,858.5560675329585,4.8711888790130615
267,3.4965034965034966e-06,5.998743805046245,402.9223264554198,6.75547615161612,858.7485470645523,4.864504337310791
268,3.484320557491289e-06,5.9976130583767215,402.466980865475,6.755545036851867,858.8077041981671,4.87521505355835
269,3.4722222222222224e-06,5.9958043348124095,401.7396872881191,6.755549895861917,858.8118771635714,4.872555732727051
270,3.4602076124567473e-06,5.994979092593868,401.40829149701176,6.755643221957625,858.8920304631533,4.874293088912964
271,3.448275862068966e-06,5.992568077038286,400.44165561739817,6.755728489111278,858.965268864257,4.873467445373535
272,3.4364261168384878e-06,5.9934579337615315,400.7981499078133,6.755838957699862,859.0601627864537,4.866986274719238
273,3.424657534246575e-06,5.992578276851146,400.44574006817714,6.755908197607876,859.1196460923885,4.8714659214019775
274,3.4129692832764506e-06,5.99188968060866,400.17008955309285,6.756036474685039,859.2298585182355,4.8666770458221436
275,3.401360544217687e-06,5.990217657457605,399.5015549574108,6.756215860035794,859.3840055932351,4.868778228759766
276,3.3898305084745763e-06,5.990928974479053,399.78582830579654,6.756335991473238,859.4872508305185,4.86052131652832
277,3.3783783783783783e-06,5.989522247560035,399.22383419807306,6.7564033989078744,859.5451886138967,4.859366416931152
278,3.3670033670033667e-06,5.989430240909429,399.1871046399542,6.756581566550515,859.6983453972812,4.864720344543457
279,3.3557046979865773e-06,5.9874142507626775,398.38315801680966,6.756720602019759,859.8178822698821,4.898160696029663
280,3.3444816053511705e-06,5.986030987096958,397.83247003043994,6.75674573646104,859.8394935835495,4.907881259918213
281,3.3333333333333333e-06,5.9862602102909985,397.9236729124218,6.756866325031627,859.9431866509887,4.875675916671753
282,3.3222591362126247e-06,5.983891370061129,396.9821708818151,6.756996257246033,860.0549282327522,4.870606899261475
283,3.311258278145695e-06,5.983995797398776,397.0236288376477,6.757110808506485,860.1534542518709,4.869179964065552
284,3.3003300330033004e-06,5.983198136014488,396.7070646925563,6.757248311003377,860.2717356313475,4.866336822509766
285,3.289473684210526e-06,5.981335727134999,395.9689215082853,6.757372576343126,860.3786442332313,4.86855149269104
286,3.278688524590164e-06,5.981529008677078,396.0454623887811,6.757436334594222,860.4335022196736,4.861008405685425
287,3.26797385620915e-06,5.980384133711393,395.5922993106491,6.757474773186297,860.4665767077379,4.864597797393799
288,3.257328990228013e-06,5.97953466898382,395.2564002932671,6.757588240725935,860.5642172725502,4.871419906616211
289,3.246753246753247e-06,5.977810548201139,394.5755176496579,6.757698315234224,860.6589486692776,4.861016750335693
290,3.2362459546925567e-06,5.977882842444555,394.6040442193177,6.757851092283391,860.7904476485519,4.8640711307525635
291,3.225806451612903e-06,5.977489899565733,394.4490178304399,6.757929001957917,860.8575141646946,4.868562459945679
292,3.215434083601286e-06,5.975803390388325,393.784336594898,6.758073838289119,860.9822066385155,4.875827074050903
293,3.205128205128205e-06,5.977379022033429,394.4052847212776,6.758155349857551,861.0523895088903,4.870235443115234
294,3.1948881789137383e-06,5.975103515002861,393.508833050854,6.758378395364304,861.2444647954179,4.86846661567688
295,3.1847133757961785e-06,5.9749767970629515,393.4589715814318,6.758552192656462,861.3941597591981,4.8647730350494385
296,3.1746031746031746e-06,5.973338005573453,392.81470242293364,6.758613681005052,861.4471270919867,4.862591981887817
297,3.1645569620253167e-06,5.972709083966431,392.5677304401729,6.75870823269048,861.5285822205593,4.863891839981079
298,3.1545741324921135e-06,5.971633210407306,392.14560431671185,6.7588749641229295,861.6722380908112,4.867358922958374
299,3.1446540880503146e-06,5.9710692311561155,391.92450468609405,6.758911503247978,861.7037234156891,4.8693766593933105
300,3.134796238244514e-06,5.969533291599781,391.32299439622614,6.7590453171533005,861.8190390713974,4.870702028274536
