epoch,lr,train_loss,train_ppl,val_loss,val_ppl,time
1,0.005,8.651334911968576,5717.774366947442,7.478090897079341,1768.8606134563931,4.1142895221710205
2,0.0047619047619047615,7.567592552496128,1934.4775180594709,7.135077129710805,1255.2338008471932,3.9118292331695557
3,0.004545454545454545,7.308817571631828,1493.41029408682,6.986029506714876,1081.4191731399699,3.9140899181365967
4,0.004347826086956522,7.174142581301186,1305.2404834706788,6.90443296274863,996.6831965523082,3.8930935859680176
5,0.004166666666666667,7.092007005061203,1202.318439913099,6.852036807162703,945.8053692773194,3.855799436569214
6,0.004,7.034601553315257,1135.2424884584032,6.816108167664079,912.4270779282064,3.8567540645599365
7,0.003846153846153846,6.992738999215319,1088.6993427826926,6.788930360935936,887.9632534943923,3.888526201248169
8,0.0037037037037037034,6.959373679590839,1052.9738516567436,6.767711229560789,869.3199415150106,3.8976805210113525
9,0.0035714285714285718,6.932899481646492,1025.4629843575353,6.751342627627791,855.2062155451672,3.896231174468994
10,0.003448275862068966,6.910294681352608,1002.5426293836537,6.737551007389037,843.4924974408083,3.8868277072906494
11,0.0033333333333333335,6.89108122183018,983.4641855171625,6.7262118197669665,833.9820003126958,3.9249582290649414
12,0.0032258064516129032,6.875272657533572,968.03927280542,6.71684994973427,826.2108024469202,3.8953518867492676
13,0.0031249999999999997,6.861375347432149,954.6791805381772,6.708234373202994,819.1230962273825,3.9115703105926514
14,0.0030303030303030307,6.8477494088365285,941.7590053055335,6.700679455906892,812.9580066744965,3.912003517150879
15,0.0029411764705882353,6.835357422071465,930.1607513008717,6.694845215348173,808.2288231111629,3.9165995121002197
16,0.002857142857142857,6.82588755071419,921.3938249935724,6.689764306564961,804.1327010083525,3.8567593097686768
17,0.002777777777777778,6.81509182442923,911.5002099280557,6.684922868555242,800.2489514373291,3.8554720878601074
18,0.0027027027027027024,6.806624094099446,903.8144583147499,6.680451594108392,796.6788062470771,3.8478920459747314
19,0.0026315789473684214,6.799803949118684,897.6712851512807,6.676536705868303,793.5659948873335,3.8570752143859863
20,0.002564102564102564,6.791513662379187,890.260095689256,6.672756553681428,790.5718573694796,3.861107349395752
21,0.0025,6.785044261212001,884.5192359721243,6.66859399779769,787.2878974082258,3.8506197929382324
22,0.002439024390243903,6.7779078270744355,878.2293929209683,6.6660699607912175,785.3032593240418,3.849977970123291
23,0.0023809523809523807,6.773049636971797,873.9731348033155,6.663366171939314,783.1828330104089,3.8488595485687256
24,0.0023255813953488367,6.765519413108989,867.4166383728548,6.66057790409435,781.0021510758546,3.862654447555542
25,0.0022727272727272726,6.761373191227729,863.827582179991,6.657580304736934,778.664524913405,3.855201005935669
26,0.0022222222222222222,6.7552414894104,858.547054878564,6.655533826055605,777.0726340042472,3.8598413467407227
27,0.002173913043478261,6.750767546559608,854.7145440302553,6.653592878136753,775.5658392705739,3.851769208908081
28,0.002127659574468085,6.745675299812284,850.3731896786072,6.651460009172928,773.9134217839988,3.8521337509155273
29,0.002083333333333333,6.741487811665678,846.8197073018441,6.649492516005335,772.3922493532207,3.841500997543335
30,0.002040816326530612,6.736723104566975,842.7944566166444,6.647778172138309,771.0692378099908,3.882286310195923
31,0.002,6.733042177110271,839.6978939684974,6.6461063101271955,769.7811934595875,3.8927183151245117
32,0.00196078431372549,6.730086846413019,837.2199723484587,6.644971898764618,768.9084400513149,3.8708183765411377
33,0.001923076923076923,6.724915475395105,832.9015728946636,6.643328512995696,767.6458645967524,3.886087656021118
34,0.0018867924528301885,6.7219220673065845,830.4120864727334,6.641976104294958,766.6083953497329,3.9026849269866943
35,0.0018518518518518517,6.717247156216863,826.5390439191452,6.640757942987868,765.6751112255414,3.9020211696624756
36,0.0018181818181818182,6.714935268762286,824.6303858242628,6.639431271671263,764.659985535598,3.903978109359741
37,0.0017857142857142859,6.7095426117401775,820.195405894042,6.638075442353556,763.623939618557,3.8974711894989014
38,0.0017543859649122807,6.708540989298677,819.3742910612531,6.637039842684407,762.8335402586314,3.8546321392059326
39,0.0017241379310344825,6.705038116520567,816.5091482071018,6.6360278957146255,762.0619836221607,3.8997864723205566
40,0.001694915254237288,6.703504216517501,815.2576648926735,6.6348036458669615,761.129600206382,3.918585777282715
41,0.0016666666666666668,6.699738750130322,812.1936119731344,6.633695968911668,760.286981249196,3.9108455181121826
42,0.001639344262295082,6.696653855614396,809.6919410331141,6.633019865051774,759.7731220172261,3.904432773590088
43,0.0016129032258064516,6.693683559188515,807.2904842394676,6.632268444565702,759.2024273712525,3.905297040939331
44,0.0015873015873015873,6.692139591986529,806.0450159378468,6.630922888921312,758.1815652273023,3.890545129776001
45,0.0015624999999999999,6.688700646085289,803.2778315598997,6.6302147936229865,757.644890456553,3.8923346996307373
46,0.0015384615384615385,6.685807166693037,800.9569230777237,6.629546531960984,757.138754557293,3.8984270095825195
47,0.0015151515151515152,6.683661614774123,799.2402706564307,6.628554139255492,756.3877482884317,3.9040212631225586
48,0.0014925373134328358,6.682211409720228,798.082048409514,6.627871848334951,755.8718478124847,3.8930211067199707
49,0.0014705882352941176,6.678810733991631,795.3726396794135,6.627269571477717,755.4167407554937,3.88360857963562
50,0.0014492753623188406,6.678310242435963,794.9746619901879,6.626045033951436,754.4922707480854,3.8843541145324707
51,0.0014285714285714286,6.674677382620619,792.0918700464421,6.625664033180426,754.2048633659032,3.8497157096862793
52,0.001408450704225352,6.6733726268162545,791.0590575120045,6.6250993437018275,753.7790920404605,3.8628358840942383
53,0.001388888888888889,6.671184982250688,789.330393004972,6.624445773353261,753.2866053314193,3.8476855754852295
54,0.00136986301369863,6.669146701092372,787.7231542958642,6.62396008515161,752.9208317478949,3.858712911605835
55,0.0013513513513513512,6.667333294291353,786.2959861798248,6.623343522883644,752.4567522539282,3.8569629192352295
56,0.0013333333333333333,6.664810222412895,784.3146055229626,6.622594305306427,751.8932095634493,3.8949198722839355
57,0.0013157894736842105,6.662807690534469,782.7455620767864,6.622274966279337,751.6531390514143,3.89643931388855
58,0.0012987012987012987,6.661273973080221,781.5459716974946,6.621532806680222,751.0954994134631,3.8670897483825684
59,0.001282051282051282,6.659985773553152,780.5398327393731,6.620901186604145,750.6212422079354,3.8668112754821777
60,0.0012658227848101266,6.657998060054534,778.9898841148506,6.620570738453511,750.373241784518,3.901339292526245
61,0.00125,6.655618666783934,777.1385642092243,6.620426958257502,750.2653607285001,3.9078783988952637
62,0.0012345679012345677,6.65536465583441,776.9411875735925,6.619775862733195,749.7770253038433,3.9016478061676025
63,0.0012195121951219514,6.6528229631579485,774.9689493206116,6.619661610973768,749.6913668529322,3.9084980487823486
64,0.0012048192771084336,6.651462312215387,773.9152041415213,6.618596049379711,748.8929499817395,3.892460584640503
65,0.0011904761904761904,6.650099126054494,772.8609323931198,6.618404325374887,748.7493829892436,3.9108834266662598
66,0.0011764705882352942,6.647630353035333,770.9552674706297,6.617870929812597,748.3501098858067,3.909541606903076
67,0.0011627906976744184,6.646481014218965,770.0696876691491,6.617532615819253,748.0969753935971,3.9099085330963135
68,0.001149425287356322,6.644927390757548,768.874218230607,6.617024228592549,747.7167491062543,3.8932459354400635
69,0.0011363636363636363,6.644003865647214,768.1644713683523,6.616703829489464,747.4772197050306,3.8995978832244873
70,0.0011235955056179774,6.640578414851504,765.5376633380133,6.616569337766032,747.3766969654163,3.9006054401397705
71,0.0011111111111111111,6.640418107929148,765.4149521872422,6.616311640778849,747.1841250559836,3.9049618244171143
72,0.0010989010989010987,6.639702479317465,764.8673952947044,6.615987655545069,746.9420876429419,3.8971967697143555
73,0.0010869565217391304,6.637157859311083,762.9235726123206,6.615535452346172,746.6043944002552,3.8871421813964844
74,0.001075268817204301,6.637439912787834,763.1387882081982,6.615149107846347,746.3160036116182,3.897632598876953
75,0.0010638297872340426,6.6362433879672205,762.2262197708018,6.615037421549648,746.2326549955434,3.897319793701172
76,0.0010526315789473684,6.63432914791189,760.7685314375103,6.614576323958468,745.888648232305,3.893010377883911
77,0.0010416666666666664,6.63374315106306,760.3228540709185,6.61403427833368,745.4844521102181,3.9033031463623047
78,0.0010309278350515464,6.631455974824439,758.58584888112,6.6141847066642825,745.5966025269277,3.9020941257476807
79,0.001020408163265306,6.631484155286535,758.6072264820951,6.613788502275451,745.3012523940818,3.8942651748657227
80,0.00101010101010101,6.6288221093206445,756.5904647223762,6.613406792159908,745.0168176561777,3.8931078910827637
81,0.001,6.629240980680408,756.907445181502,6.6130438087400325,744.7464379784791,3.8982834815979004
82,0.0009900990099009901,6.625959382036725,754.4276498079543,6.612745304738194,744.5241613632677,3.8969295024871826
83,0.000980392156862745,6.626396710882883,754.757654936676,6.6125100033342346,744.3489943921425,3.889456033706665
84,0.000970873786407767,6.6238971878019015,752.873476512313,6.612345218658447,744.2263471898962,3.8921449184417725
85,0.0009615384615384615,6.6246301352210315,753.4254954595729,6.612183539335393,744.1060309044734,3.9326095581054688
86,0.0009523809523809524,6.621476937977541,751.0535378545011,6.612044700906297,744.0027275634641,3.8791537284851074
87,0.0009433962264150943,6.620957113437898,750.663223251282,6.6115618816092,743.643595394451,3.896585464477539
88,0.0009345794392523364,6.620794398180917,750.5410888288408,6.611571181904186,743.6505115314135,3.894848585128784
89,0.0009259259259259259,6.619800248780476,749.7953096247728,6.611202898104329,743.37668752083,3.885685682296753
90,0.0009174311926605504,6.617453206762224,748.0375720768263,6.610604022160049,742.9316303854432,3.8960511684417725
91,0.0009090909090909091,6.617560736201863,748.1180124625583,6.610645928658729,742.9627647011919,3.8945138454437256
92,0.0009009009009009009,6.616233623488267,747.1258340488632,6.610352985129869,742.745150442989,3.897977352142334
93,0.0008928571428571428,6.616122431202508,747.042764038084,6.610413937529256,742.7904239217914,3.8947510719299316
94,0.0008849557522123894,6.614492734409708,745.8263023425433,6.610103792395473,742.5600868072054,3.887233018875122
95,0.0008771929824561404,6.613664106851996,745.2085460954276,6.60972993630023,742.282528079412,3.8887925148010254
96,0.0008695652173913044,6.612074525366525,744.0249173741202,6.6092431722593705,741.9212995602439,3.8936755657196045
97,0.0008620689655172413,6.610478974616579,742.8387344184245,6.609135734148262,741.8415932190544,3.892697811126709
98,0.0008547008547008546,6.610374043018521,742.7607912523448,6.6090461360521555,741.7751286022851,3.8929946422576904
99,0.000847457627118644,6.609779210561335,742.3191044036427,6.609111340577937,741.8234972746931,3.8926830291748047
100,0.0008403361344537815,6.608720799474757,741.5338412726718,6.609308171863399,741.969525718259,3.8954267501831055
101,0.0008333333333333334,6.6079896935065925,740.9918995882607,6.608701646820573,741.5196390674492,3.8930306434631348
102,0.0008264462809917354,6.606041065510762,739.54938794378,6.6085258003108756,741.3892568910085,3.894047260284424
103,0.000819672131147541,6.606494189331972,739.8845713224699,6.608330628103461,741.2445724328396,3.8836069107055664
104,0.0008130081300813008,6.60551882485975,739.163266023022,6.608042614519103,741.031114667491,3.9093310832977295
105,0.0008064516129032258,6.604354235440365,738.3029453616184,6.6080144693043605,741.0102584811399,3.892618417739868
106,0.0008,6.604164340056063,738.1627583509323,6.607769796670961,740.8289757281901,3.896785020828247
107,0.0007936507936507935,6.602185802295996,736.7037193183338,6.607336355634957,740.5079396295843,3.901137590408325
108,0.0007874015748031496,6.6027606644855545,737.1273441827693,6.607334515279975,740.5065768333623,3.8984358310699463
109,0.0007812499999999999,6.600861358642578,735.7286426124463,6.607290330997183,740.473858804179,3.9165637493133545
110,0.0007751937984496124,6.600302466609447,735.3175646203518,6.607031617282836,740.2823128406426,3.895591974258423
111,0.0007692307692307692,6.599051818929516,734.3985162368032,6.606903927385314,740.1877923027665,3.872638463973999
112,0.0007633587786259541,6.597860391968822,733.5240550764071,6.606429718742686,739.8368720657694,3.854052782058716
113,0.0007575757575757576,6.595220411488938,731.5901197883982,6.606195237025742,739.6634141828945,3.897228240966797
114,0.0007518796992481202,6.596858277545978,732.7893482329594,6.606096582964432,739.5904469823978,3.9031898975372314
115,0.0007462686567164179,6.596226657818315,732.3266501643906,6.605842007093193,739.4021890639754,3.900822162628174
116,0.0007407407407407407,6.594040262443313,730.7272436681036,6.605862747539174,739.4175247541699,3.8975162506103516
117,0.0007352941176470588,6.595439195018981,731.7501971678586,6.605825014350828,739.3896246998247,3.893152952194214
118,0.00072992700729927,6.59464444622973,731.1688706195089,6.605638748358104,739.2519143831427,3.8998494148254395
119,0.0007246376811594203,6.591817209546658,729.1046026290863,6.605427186351177,739.0955333072413,3.903954267501831
120,0.0007194244604316547,6.591662573098113,728.9918651996006,6.605331547004132,739.0248500731353,3.896662950515747
121,0.0007142857142857143,6.591187729651324,728.6457903618349,6.605398611588911,739.0744141298246,3.8867313861846924
122,0.0007092198581560283,6.590168160941979,727.9032645061728,6.6052723679660765,738.9811165874743,3.9017210006713867
123,0.000704225352112676,6.589776056723533,727.6179065142315,6.605168914006761,738.904670019522,3.894352436065674
124,0.0006993006993006993,6.5887648852598,726.8825319082297,6.605124713960758,738.8720111208831,3.895904779434204
125,0.0006944444444444445,6.588295949682146,726.5417507366951,6.604988062677305,738.7710502106319,3.8950812816619873
126,0.0006896551724137932,6.587267757383027,725.7951100144976,6.6047104134047325,738.5659594389127,3.890831470489502
127,0.000684931506849315,6.58786028587767,726.2252917333308,6.604691367504025,738.5518929189387,3.893800735473633
128,0.0006802721088435374,6.585521411486449,724.5287267957796,6.604534779698396,738.436253752761,3.8871028423309326
129,0.0006756756756756756,6.5862756307544625,725.075386446465,6.604449650472846,738.3733939220035,3.8919873237609863
130,0.0006711409395973154,6.585137948048473,724.2509497813581,6.604458146844029,738.3796674430806,3.8989720344543457
131,0.0006666666666666666,6.584006373360434,723.4318692515947,6.604432263650184,738.3605560663503,3.9058334827423096
132,0.0006622516556291391,6.585485463694953,724.5026820563038,6.6040851537846335,738.1043083086413,3.9171292781829834
133,0.0006578947368421052,6.584364591852278,723.6910623458582,6.604356415015607,738.304554550193,3.9096522331237793
134,0.00065359477124183,6.581808052963454,721.8432809703567,6.604241154410622,738.2194620245747,3.90731143951416
135,0.0006493506493506494,6.581744140821465,721.7971478943373,6.604146307164973,738.149447262323,3.9098894596099854
136,0.0006451612903225806,6.581134196924038,721.3570263671633,6.603993033574632,738.0363171164864,3.902362585067749
137,0.000641025641025641,6.580382151051141,720.8147367314986,6.603882951184738,737.9550767865163,3.901627540588379
138,0.0006369426751592356,6.579357561840008,720.0765759493806,6.603891096824457,737.961087927183,3.9254658222198486
139,0.0006329113924050633,6.579088305608398,719.8827169441133,6.60364058392107,737.7762423065332,3.932448625564575
140,0.0006289308176100629,6.580298571525214,720.7544938950904,6.603635409646783,737.7724248597691,3.900026321411133
141,0.000625,6.5780320200285685,719.1227166703653,6.603425187512863,737.6173450674412,3.8992834091186523
142,0.0006211180124223602,6.577943892744989,719.059345131207,6.603303326062919,737.5274634249328,3.8949272632598877
143,0.0006172839506172838,6.575923624980091,717.6081191413291,6.603029385085933,737.325452101901,3.8999621868133545
144,0.0006134969325153375,6.574796588635752,716.799804295729,6.6030888320985905,737.3692852002451,3.9043774604797363
145,0.0006097560975609757,6.5759192127014945,717.6049528613695,6.603031804738951,737.3272361758144,3.9081673622131348
146,0.0006060606060606061,6.573411828970193,715.8078957744196,6.603005937308319,737.3081636613597,3.9081714153289795
147,0.0006024096385542168,6.575174446269678,717.0707037512692,6.602728130403629,737.1033628114723,3.901656150817871
148,0.0005988023952095807,6.574304205767587,716.4469512287211,6.602553923267964,736.974965330151,3.9054653644561768
149,0.0005952380952380952,6.57319814534658,715.6549556904172,6.602545584528899,736.9688199138405,3.9231481552124023
150,0.0005917159763313611,6.573570654627591,715.9215934628529,6.602598308531706,737.0076768843089,3.9124557971954346
151,0.0005882352941176471,6.571430909480148,714.3913414657898,6.602599790273619,737.0087689402826,3.8863725662231445
152,0.0005847953216374269,6.5713383805598315,714.3252426643527,6.602636037779249,737.0354841539611,3.88122820854187
153,0.0005813953488372092,6.570476797210301,713.7100569840487,6.6026844781292375,737.0711872754966,3.9198269844055176
154,0.0005780346820809249,6.570785599000464,713.9304859599827,6.602541344224914,736.9656949486418,3.9159164428710938
155,0.000574712643678161,6.570119572913698,713.4551479435263,6.602517754578393,736.9483103934488,3.903831720352173
156,0.0005714285714285715,6.570052178837199,713.4070669129137,6.602466185230854,736.9103074298142,3.901970148086548
157,0.0005681818181818182,6.569255243964461,712.8387544269308,6.602223451472511,736.7314561288325,3.89618182182312
158,0.0005649717514124293,6.568197466068513,712.0851280040779,6.602111059772081,736.6486582807006,3.900733709335327
159,0.0005617977528089887,6.568623511269369,712.3885730915363,6.602180528246667,736.6998339168226,3.901855945587158
160,0.000558659217877095,6.568907894085405,712.5911929695044,6.602086019910072,736.6302129308831,3.893251895904541
161,0.0005555555555555556,6.5681763018661306,712.0700574497938,6.602006419631075,736.5715792940742,3.891629934310913
162,0.0005524861878453038,6.566123827741893,710.6100509075997,6.601990325391785,736.5597248302176,3.8939368724823
163,0.0005494505494505495,6.565904995504878,710.4545635339598,6.601726165487746,736.3651809804612,3.896995782852173
164,0.000546448087431694,6.565042724936816,709.8422235132081,6.601816602974884,736.4317790084782,3.901711940765381
165,0.0005434782608695651,6.563489730573007,708.7406980936697,6.60177371915707,736.4001986793821,3.898798942565918
166,0.0005405405405405405,6.563510743333547,708.7555908487119,6.601656452683378,736.3138486879357,3.881714344024658
167,0.0005376344086021505,6.5647853470667235,709.6595493427711,6.601831712013434,736.4429058686746,3.9210829734802246
168,0.0005347593582887701,6.563384105616885,708.6658413419719,6.601719990249507,736.3606337640779,3.9476318359375
169,0.0005319148936170213,6.561381646594264,707.2481869051267,6.601681070879471,736.3319756297742,3.91459584236145
170,0.000529100529100529,6.562381804961503,707.9559009510417,6.601376029085522,736.1073978575304,3.915268659591675
171,0.0005263157894736842,6.562715331065297,708.1920621051094,6.601448468925539,736.1607232910862,3.901728630065918
172,0.0005235602094240837,6.561302327495787,707.1920908413159,6.601431759920987,736.1484228809742,3.896519422531128
173,0.0005208333333333333,6.560619490136404,706.7093584940268,6.601435535210223,736.1512020594372,3.9027745723724365
174,0.0005181347150259067,6.560325954502744,706.5019445578475,6.601424772877339,736.1432793977806,3.8887200355529785
175,0.0005154639175257731,6.559885474847622,706.1908133534789,6.60137558771559,736.1070729619302,3.9205000400543213
176,0.0005128205128205128,6.559694096970456,706.0556769862133,6.601337480150963,736.0790222485508,3.922084093093872
177,0.000510204081632653,6.559795217964271,706.1270776479507,6.601302036569138,736.0529334338393,3.8973677158355713
178,0.0005076142131979696,6.559176803556123,705.6905334856623,6.601203122414833,735.9801309810604,3.901142120361328
179,0.000505050505050505,6.558880008648393,705.4811192069737,6.601023871051378,735.8482173623078,3.8973472118377686
180,0.0005025125628140703,6.556579892318136,703.8602953203281,6.601050573932238,735.8678668919349,3.8968937397003174
181,0.0005,6.557103544652718,704.228969927427,6.60115088313079,735.9416849101548,3.901425361633301
182,0.0004975124378109452,6.557818165971486,704.7324068245757,6.600980746844583,735.8164851758302,3.907081127166748
183,0.0004950495049504951,6.556189777308779,703.5857624078197,6.600864355229149,735.7308472903198,3.9073243141174316
184,0.0004926108374384236,6.554338967237349,702.2847631153185,6.600871890044409,735.7363909072208,3.899056911468506
185,0.0004901960784313725,6.556662086765142,703.9181511057509,6.600904862742778,735.7606505212675,3.9136059284210205
186,0.0004878048780487805,6.553214363785773,701.4954151816274,6.600807517028052,735.6890308608649,3.9045944213867188
187,0.0004854368932038835,6.553794266123629,701.9023319874867,6.600694408101484,735.6058225701854,3.9163084030151367
188,0.00048309178743961357,6.5534742879253605,701.6777744726076,6.6006743375920065,735.5910587347112,3.9195923805236816
189,0.00048076923076923074,6.5528488752667995,701.2390735090889,6.600694108600459,735.6056022555206,3.9093422889709473
190,0.00047846889952153106,6.552823015548641,701.220939898752,6.600606737058024,735.5413340670741,3.90524959564209
191,0.0004761904761904762,6.553653101859687,701.80325545463,6.600637983684697,735.5643176116193,3.894129753112793
192,0.0004739336492890995,6.551788993147821,700.4962364833269,6.600438925845564,735.4179123400543,3.8887698650360107
193,0.0004716981132075471,6.551614927938568,700.3743150707882,6.600455422046756,735.4300440419595,3.897463321685791
194,0.00046948356807511736,6.55145288966756,700.2608368218741,6.600441794750119,735.4200221868791,3.8803024291992188
195,0.0004672897196261682,6.549822116819063,699.1198011002301,6.600499539335897,735.4624899375626,3.880476951599121
196,0.00046511627906976747,6.550759527509305,699.7754707433944,6.6003856067815105,735.3787015906295,3.890630006790161
197,0.0004629629629629629,6.550176317190408,699.3674734536249,6.600407738330936,735.3949768408075,3.8922877311706543
198,0.00046082949308755755,6.549763661904397,699.0789353063304,6.600394599693866,735.3853148165769,3.8885529041290283
199,0.0004587155963302752,6.549538639788976,698.9216447830484,6.600117817397945,735.1818013465174,3.8981471061706543
200,0.00045662100456621003,6.5484278048568525,698.1456892642456,6.600210977979928,735.2502945013756,3.8979811668395996
201,0.00045454545454545455,6.54908039518692,698.6014410834781,6.600264592604204,735.289715726432,3.890929698944092
202,0.0004524886877828054,6.548808058546337,698.4112122182279,6.600110396865971,735.176345926695,3.900790214538574
203,0.0004504504504504504,6.5470890781910125,697.2116883388508,6.599920312235178,735.0366134833275,3.908621072769165
204,0.0004484304932735426,6.546780198633415,696.9963671568723,6.599940146296477,735.0511923891555,3.9114677906036377
205,0.0004464285714285714,6.546672184579874,696.9210858197471,6.59975370296762,734.9141597727713,3.904451847076416
206,0.00044444444444444447,6.545466093546331,696.0810422334024,6.599749714875024,734.9112288728966,3.910944700241089
207,0.0004424778761061947,6.546167667126962,696.5695656501352,6.59993451882985,735.0470559247401,3.9014413356781006
208,0.00044052863436123345,6.545664023534423,696.2188311816353,6.599975097277933,735.0768835987135,3.89898681640625
209,0.0004385964912280702,6.545773813550564,696.2952732545601,6.599815975536,734.9599261900207,3.8997342586517334
210,0.00043668122270742354,6.544270152800073,695.2490681473151,6.599738424474543,734.9029314776451,3.9016683101654053
211,0.0004347826086956522,6.543820927173795,694.9368145906583,6.599826434427056,734.9676130960177,3.888883590698242
212,0.0004329004329004329,6.545180221688594,695.8820806928313,6.599817823772588,734.9612845711022,3.887310743331909
213,0.00043103448275862063,6.544132569521794,695.1534200812368,6.599588358697813,734.792655972908,3.8961856365203857
214,0.00042918454935622315,6.5447385272242995,695.5747813012036,6.59956139966476,734.7728469404266,3.8948724269866943
215,0.0004273504273504273,6.543064868501328,694.4116001566532,6.599701743480588,734.8759750020561,3.910581350326538
216,0.000425531914893617,6.542201846454277,693.8125661629421,6.599616247760363,734.8131489370152,3.904405117034912
217,0.000423728813559322,6.542738110210762,694.1847324767032,6.599575192475122,734.7829815928555,3.9074485301971436
218,0.00042194092827004215,6.541608898015493,693.4012930289585,6.599529096902895,734.7491121314787,3.9058330059051514
219,0.00042016806722689073,6.5411074679296926,693.0536879162147,6.5993847728760775,734.6430778327478,3.9252185821533203
220,0.00041841004184100416,6.541601228509338,693.3959750038667,6.59934223190812,734.6118260698586,3.89908504486084
221,0.0004166666666666667,6.541475089732158,693.3085163995551,6.5994561329360835,734.6955038774055,3.90092396736145
222,0.0004149377593360996,6.539351413792295,691.8377160887668,6.599512348490313,734.7368063532557,3.9071269035339355
223,0.0004132231404958677,6.539382291147126,691.8590785372184,6.599456184166522,734.6955415161793,3.953024387359619
224,0.00041152263374485596,6.539334813310353,691.8262313445805,6.599216796149892,734.5196852574492,3.934128999710083
225,0.0004098360655737705,6.539273444572744,691.7837761448425,6.5992618001197,734.5527423030312,3.9103524684906006
226,0.00040816326530612246,6.539838216233151,692.1745863656193,6.599171098598764,734.4861202735021,3.9002013206481934
227,0.0004065040650406504,6.537832287964391,690.787525433377,6.59901663488593,734.3726775819551,3.9124693870544434
228,0.0004048582995951417,6.538481761866885,691.2363196275973,6.5989148439454635,734.2979289008848,3.8998451232910156
229,0.0004032258064516129,6.538254236868011,691.0790639752265,6.598893449326192,734.2822190443177,3.9105803966522217
230,0.0004016064257028112,6.538748377280174,691.4206384546635,6.598975410146162,734.3424038834456,3.901381731033325
231,0.0004,6.537409779544552,690.4957235362818,6.599030482867533,734.382847231698,3.8923566341400146
232,0.000398406374501992,6.537225986857271,690.3688271333697,6.598935529220203,734.3131182123816,3.884519100189209
233,0.00039682539682539677,6.536264297174282,689.7052256953307,6.598793810064143,734.2090593507257,3.8865671157836914
234,0.0003952569169960474,6.535914835704754,689.4642424032586,6.598842207065299,734.2445937272917,3.8904595375061035
235,0.0003937007874015748,6.5370307553991225,690.2340585765472,6.598960115889873,734.331172748403,3.888007879257202
236,0.000392156862745098,6.535919384281011,689.467378491074,6.598808201876554,734.2196260258152,3.89186692237854
237,0.00039062499999999997,6.535887767316957,689.4455799703552,6.598761609763153,734.1854179786574,3.8886570930480957
238,0.00038910505836575873,6.5340680572608,688.1921297192073,6.5986703013585615,734.1183837399084,3.8944361209869385
239,0.0003875968992248062,6.534190664577894,688.2765122827312,6.598556502791475,734.0348468730452,3.895702838897705
240,0.0003861003861003861,6.5344501794152,688.4551534288491,6.59858399777373,734.0550294255925,3.895772933959961
241,0.0003846153846153846,6.5338532406884715,688.0443105223725,6.598663491651046,734.1133846254548,3.8877925872802734
242,0.0003831417624521073,6.533529047086003,687.8212871120212,6.598664575371861,734.114180199841,3.8871965408325195
243,0.00038167938931297704,6.532814469153277,687.3299607649813,6.598688247775243,734.1315586525375,3.886462688446045
244,0.00038022813688212925,6.533374951735075,687.7153052152763,6.5986744667872905,734.1214416640834,3.8825128078460693
245,0.0003787878787878788,6.532617537044149,687.1946167533689,6.5987088345299085,734.1466721943965,3.8840394020080566
246,0.0003773584905660377,6.53393520960992,688.1007110839299,6.598636390749088,734.0934897601776,3.885684013366699
247,0.0003759398496240601,6.532115692335137,686.8498382907494,6.598603402287507,734.0692735447237,3.8853156566619873
248,0.00037453183520599247,6.532193009536154,686.9029456507945,6.598681658752693,734.1267214590792,3.8849358558654785
249,0.00037313432835820896,6.531903805957843,686.7043195840296,6.598648370790087,734.1022842829615,3.8872439861297607
250,0.0003717472118959108,6.530458983228954,685.7128699819996,6.598696795376864,734.1378337434569,3.886904716491699
251,0.00037037037037037035,6.529595910019117,685.1213048929894,6.598536184011412,734.0199323319557,3.8865883350372314
252,0.00036900369003690036,6.532195483768446,686.9046452103472,6.598521275953813,734.0089896020938,3.889932632446289
253,0.0003676470588235294,6.53018669324883,685.5261826559595,6.598603504748384,734.0693487581093,3.9443724155426025
254,0.0003663003663003663,6.53196899512295,686.749086724449,6.5986222353848545,734.0830984729948,3.9143223762512207
255,0.000364963503649635,6.5295212974875785,685.0701881650181,6.598614972484999,734.0777669203262,3.90032696723938
256,0.00036363636363636367,6.529688153655744,685.1845058885833,6.598540085406343,734.0227960391856,3.9073238372802734
257,0.00036231884057971015,6.529231918727891,684.8719720848131,6.598635295205865,734.0926855294701,3.910917282104492
258,0.00036101083032490973,6.5295382966299425,685.0818338696591,6.59859640342145,734.0641359101802,3.9050488471984863
259,0.00035971223021582735,6.529364473318338,684.9627610256935,6.598698939173675,734.1394075874902,3.9053232669830322
260,0.00035842293906810036,6.528263155892172,684.2088148439407,6.598510647608229,734.0011883423479,3.890166759490967
261,0.00035714285714285714,6.527653070376155,683.7915162629264,6.59861932707227,734.0809635329861,3.893348217010498
262,0.0003558718861209964,6.52816312609824,684.1403770001539,6.598635279442653,734.0926739578116,3.9069266319274902
263,0.00035460992907801415,6.527250501935574,683.516298779196,6.598573416717781,734.0472623893485,3.900242567062378
264,0.00035335689045936394,6.52642352100094,682.9512774947098,6.598532530887068,734.0172508707701,3.8986058235168457
265,0.000352112676056338,6.527604660558087,683.758414841251,6.598377251428021,733.9032819178711,3.8910577297210693
266,0.00035087719298245617,6.52627581322142,682.8504077277989,6.598389251173035,733.9120886229585,3.884274482727051
267,0.00034965034965034965,6.526913659255392,683.2861000897151,6.598450940502577,733.957364564155,3.884434938430786
268,0.0003484320557491289,6.52588540351442,682.5838683333619,6.598429471008049,733.9416070396863,3.8965702056884766
269,0.00034722222222222224,6.524929347877339,681.9315920341616,6.598252071821985,733.8114179440405,3.8984508514404297
270,0.00034602076124567473,6.525982866164441,682.6503980080577,6.5982934936019015,733.8418143486268,3.90990948677063
271,0.0003448275862068966,6.5240800440055615,681.3526707675952,6.5982592125569495,733.8166579155983,3.9006528854370117
272,0.00034364261168384877,6.524265495185689,681.4790401417844,6.598300598869639,733.8470285097189,3.907925844192505
273,0.0003424657534246575,6.523978888630356,681.2837517683585,6.598262475541801,733.8190523521432,3.9077696800231934
274,0.00034129692832764505,6.524916207227584,681.9226310688304,6.598295570405061,733.8433383952082,3.8977291584014893
275,0.0003401360544217687,6.52432258957957,681.5179498852775,6.598176518747629,733.7559783297603,3.897804021835327
276,0.00033898305084745765,6.524167414898525,681.4122037595505,6.598282171674996,733.8335058922787,3.89689564704895
277,0.0003378378378378378,6.523034822275711,680.6408782057455,6.598121205637278,733.7153931268172,3.897899627685547
278,0.00033670033670033666,6.523378206424959,680.8746396273383,6.59815456847514,733.7398723628611,3.8977768421173096
279,0.0003355704697986577,6.523414826700104,680.8995739005277,6.598203930973021,733.7760924897066,3.8992724418640137
280,0.00033444816053511704,6.523002858223322,680.6191225127583,6.598077592770915,733.6833943932116,3.896381139755249
281,0.0003333333333333333,6.521804414184309,679.8039271631181,6.598125221315494,733.7183394976544,3.8593711853027344
282,0.0003322259136212624,6.5210157910130055,679.2680293726961,6.598008628719109,733.6327983582653,3.8924617767333984
283,0.00033112582781456954,6.521084919712574,679.3149879112976,6.597951581655455,733.5909479550512,3.8909947872161865
284,0.00033003300330033004,6.521751913799236,679.7682381320207,6.597859232878882,733.5232048565472,3.888152837753296
285,0.0003289473684210526,6.520579961441106,678.9720487814818,6.59792331427582,733.5702115543122,3.8858697414398193
286,0.0003278688524590164,6.521169841749986,679.3726791737106,6.597956751988939,733.5947408746982,3.8874151706695557
287,0.000326797385620915,6.520570136958438,678.9653782651235,6.597873955718742,733.5340044807263,3.885668992996216
288,0.00032573289902280126,6.520253445457492,678.7503897447058,6.597879681705443,733.5382046987057,3.884977340698242
289,0.0003246753246753247,6.520692088982578,679.0481845164167,6.5978250306499895,733.4981171570266,3.886042833328247
290,0.00032362459546925567,6.5200988724507996,678.6454813643803,6.597844131721938,733.5121278911458,3.8983614444732666
291,0.0003225806451612903,6.5205909295143485,678.9794958374823,6.597781563593337,733.4662348457337,3.8849587440490723
292,0.0003215434083601286,6.519271308669716,678.084091268902,6.597957319464565,733.5951571719515,3.89983868598938
293,0.0003205128205128205,6.52125942123806,679.433539756412,6.597970060080536,733.6045036856674,3.895129680633545
294,0.0003194888178913738,6.5179958327133765,677.219762646477,6.598036931565971,733.6535625488515,3.8999805450439453
295,0.0003184713375796178,6.519644690992495,678.3373231551519,6.597940783855344,733.5830268293973,3.891474962234497
296,0.00031746031746031746,6.5180809606298356,677.2774154077509,6.597887496317714,733.5439370377594,3.8963096141815186
297,0.00031645569620253165,6.517748626004985,677.0523700692319,6.598068292475929,733.6765709529478,3.893106698989868
298,0.0003154574132492113,6.51793831223582,677.1808097626241,6.597826000087517,733.4988282379725,3.8937630653381348
299,0.00031446540880503143,6.518262027773223,677.4000591976848,6.597774265226254,733.460881759443,3.8918004035949707
300,0.0003134796238244514,6.5163617318280265,676.1140209255763,6.597739913246849,733.435686359097,3.899332046508789
