epoch,lr,train_loss,train_ppl,val_loss,val_ppl,time
1,0.01,22.77430807203694,7776001305.842391,11.240008488174313,76115.59786138916,3.655007839202881
2,0.009523809523809523,10.95019428269546,56965.111626629536,9.482025769131242,13121.741226560693,3.4724416732788086
3,0.00909090909090909,10.088505054850435,24064.78998838614,9.424155519028341,12383.937129053937,3.455491781234741
4,0.008695652173913044,10.011560661086708,22282.583895593943,9.361500030706736,11631.823554755982,3.4028377532958984
5,0.008333333333333333,9.939040508188404,20723.850378518306,9.306862815352511,11013.34298526548,3.4088752269744873
6,0.008,9.875205762805857,19442.287926969802,9.27766073242692,10696.380930331547,3.4030425548553467
7,0.007692307692307692,9.818407359143695,18368.772574775357,9.231373290385097,10212.556691959318,3.413335084915161
8,0.007407407407407407,9.75974854399718,17322.27533721767,9.187368613629301,9772.90083671081,3.4232828617095947
9,0.0071428571428571435,9.710436986342009,16488.80568555227,9.157140298323197,9481.902856090897,3.418959617614746
10,0.006896551724137932,9.661665653670806,15703.920187991458,9.119772516991482,9134.123522169082,3.395669937133789
11,0.006666666666666667,9.613700446755077,14968.45771049372,9.085237581867817,8824.061952943324,3.387805700302124
12,0.0064516129032258064,9.572653791730495,14366.49145627561,9.064028763574017,8638.884663339451,3.3958356380462646
13,0.0062499999999999995,9.532943975260329,13807.179303618292,9.030897849847463,8357.359858880925,3.395752191543579
14,0.0060606060606060615,9.493568634884552,13274.0812527745,9.016371096461272,8236.832111223433,3.3883180618286133
15,0.0058823529411764705,9.453683565819212,12755.062949183626,8.988963418755649,8014.145275579048,3.394235849380493
16,0.005714285714285714,9.426076031959107,12407.743493342085,8.962847883051092,7807.560851063431,3.388392448425293
17,0.005555555555555556,9.391146356967386,11981.826913154551,8.941026238370533,7639.032502709201,3.4007532596588135
18,0.005405405405405405,9.359450364829133,11608.006619639275,8.921178266036609,7488.907959162257,3.400902509689331
19,0.005263157894736843,9.331058751053053,11283.071127292702,8.891221298659143,7267.890029763891,3.394871950149536
20,0.005128205128205128,9.298053163520256,10916.74538839807,8.873424711306233,7139.690530351267,3.391057014465332
21,0.005,9.273048639092835,10647.161811974389,8.864647802242564,7077.300312970015,3.4000022411346436
22,0.004878048780487806,9.246067695453954,10363.732133154213,8.841494047937314,6915.316740796833,3.3896985054016113
23,0.0047619047619047615,9.220491360185484,10102.02684264059,8.820464977548141,6771.412448136566,3.391331434249878
24,0.0046511627906976735,9.197396555888295,9871.395948265366,8.804296690570421,6662.810626957724,3.3895211219787598
25,0.004545454545454545,9.17227291876666,9626.480050035794,8.791957965567093,6581.105146207283,3.4192543029785156
26,0.0044444444444444444,9.151193667072084,9425.684795950638,8.77567118652596,6474.7882706912815,3.4210965633392334
27,0.004347826086956522,9.130599869985948,9233.559243249598,8.752440413167655,6326.107601759948,3.3845741748809814
28,0.00425531914893617,9.106348093384836,9012.32256176881,8.737915267629072,6234.884089403041,3.3917946815490723
29,0.004166666666666666,9.091192667064748,8876.76676873427,8.726819022627902,6166.082712399777,3.3855767250061035
30,0.004081632653061224,9.068041649192187,8673.621169560907,8.715926871812048,6099.2852539461355,3.384237051010132
31,0.004,9.051547569471367,8531.73115989285,8.703856681004044,6026.108235848971,3.3855228424072266
32,0.00392156862745098,9.034269973853116,8385.589482830796,8.68981069769741,5942.0572911081945,3.3862295150756836
33,0.003846153846153846,9.015130294341386,8226.618170528754,8.68317987110989,5902.786881163155,3.396378755569458
34,0.003773584905660377,8.999449142161357,8098.621509468533,8.661350707377284,5775.330177664967,3.38499116897583
35,0.0037037037037037034,8.982639974176628,7963.628161497422,8.65787368175412,5755.284077253334,3.387216091156006
36,0.0036363636363636364,8.9684123108827,7851.126556662596,8.646802232285177,5691.916174962615,3.3913354873657227
37,0.0035714285714285718,8.948753257063837,7698.288089339261,8.633415947275713,5616.230269538166,3.391008138656616
38,0.0035087719298245615,8.94052859048475,7635.231900094162,8.622452286649342,5554.9921373230845,3.3913066387176514
39,0.003448275862068965,8.922205365062272,7496.603760728991,8.618259611208577,5531.7506143425635,3.4013779163360596
40,0.003389830508474576,8.908492852075929,7394.508078267209,8.601626999122052,5440.504089793963,3.3996267318725586
41,0.0033333333333333335,8.893779888071215,7286.5093857282145,8.592826133917185,5392.8330276465795,3.400850772857666
42,0.003278688524590164,8.882683936516102,7206.105534142089,8.58373988758434,5344.054361410325,3.398141384124756
43,0.0032258064516129032,8.867906991197316,7100.40420149727,8.578577349008608,5316.536566573965,3.391767740249634
44,0.0031746031746031746,8.857475318417528,7026.720100667016,8.564931309912815,5244.479664549185,3.3927719593048096
45,0.0031249999999999997,8.846802720491466,6952.125509386387,8.559001764975303,5213.4743013958105,3.3936960697174072
46,0.003076923076923077,8.832457350047362,6853.106622966361,8.554891736054223,5192.090744857186,3.3846936225891113
47,0.0030303030303030303,8.821154930867863,6776.086018721732,8.54717049716918,5152.155744145483,3.390660285949707
48,0.0029850746268656717,8.814103110153788,6728.470360835671,8.531414004396801,5071.612048832552,3.389874219894409
49,0.0029411764705882353,8.798314597985264,6623.072055322349,8.529123984092523,5060.01124237621,3.389519214630127
50,0.002898550724637681,8.791493711348767,6578.050549491481,8.52012516053255,5014.681357707966,3.3871753215789795
51,0.002857142857142857,8.778063982034446,6490.299665380727,8.51718310679286,4999.949577137361,3.39026141166687
52,0.002816901408450704,8.76802668919379,6425.4804758047585,8.506071796101972,4944.701093897537,3.386432647705078
53,0.002777777777777778,8.761246922701725,6382.064559767624,8.501015588271716,4919.762757344095,3.3866758346557617
54,0.00273972602739726,8.750401279138392,6313.22096373278,8.489602293849977,4863.931273157678,3.38775897026062
55,0.0027027027027027024,8.74051526769548,6251.1158806347685,8.487739019157473,4854.87687114897,3.3859429359436035
56,0.0026666666666666666,8.733726857557828,6208.824450413675,8.48018677766658,4818.349772956956,3.390397548675537
57,0.002631578947368421,8.722684516415576,6140.641634508046,8.473771528764205,4787.537798779732,3.383985996246338
58,0.0025974025974025974,8.714456117818283,6090.321299301672,8.470374020663174,4771.299700479422,3.431166648864746
59,0.002564102564102564,8.706718065810305,6043.3759433922705,8.465594658181686,4748.550336734775,3.430779218673706
60,0.002531645569620253,8.695805729305283,5977.787106057223,8.457791943195438,4711.642928105249,3.412931442260742
61,0.0025,8.691398188382259,5951.497743038818,8.455248966689938,4699.6765523915265,3.388727903366089
62,0.0024691358024691353,8.67909681950516,5878.734634413179,8.448271771107823,4667.000117412422,3.385313034057617
63,0.002439024390243903,8.674529033873727,5851.943070462594,8.440976698536518,4633.077895839192,3.397550582885742
64,0.0024096385542168672,8.666552346765739,5805.449629951189,8.437219868021563,4615.7048616277225,3.3982529640197754
65,0.0023809523809523807,8.65755401210212,5753.4445816263205,8.433834615817739,4600.105954586782,3.3881003856658936
66,0.0023529411764705885,8.650598976642788,5713.568002801756,8.424004803019121,4555.109290906782,3.3882853984832764
67,0.0023255813953488367,8.64389543492395,5675.394951602106,8.420075578137864,4537.246358864478,3.385944128036499
68,0.002298850574712644,8.63781672097071,5641.00049206859,8.410880096687759,4495.7154351994295,3.3914058208465576
69,0.0022727272727272726,8.629961110798586,5596.860591140959,8.409720010993894,4490.503044034147,3.3915765285491943
70,0.002247191011235955,8.62191369666562,5552.001079747402,8.402245738289572,4457.064918206602,3.39925217628479
71,0.0022222222222222222,8.616131194364359,5519.989264125002,8.403110066721261,4460.918951472621,3.4308290481567383
72,0.0021978021978021974,8.612112369455494,5497.849910663877,8.399012033604393,4442.675364820659,3.4250025749206543
73,0.002173913043478261,8.603915286985078,5452.967784092983,8.388196649630208,4394.885026154433,3.4011070728302
74,0.002150537634408602,8.597129748512236,5416.091714887942,8.383370277310206,4373.72477940453,3.3914942741394043
75,0.002127659574468085,8.592267572214675,5389.821638750853,8.38255463355829,4370.15883258442,3.3860836029052734
76,0.002105263157894737,8.5861246325939,5356.813776308114,8.382466406861612,4369.773284914715,3.395655632019043
77,0.002083333333333333,8.580240957726737,5325.388564245057,8.378146065168144,4350.935094213034,3.3968982696533203
78,0.002061855670103093,8.575968372361343,5302.683925293877,8.375103359380045,4337.71659901229,3.392368793487549
79,0.002040816326530612,8.568407072632098,5262.739947270804,8.369411503973087,4313.097075186223,3.3912954330444336
80,0.00202020202020202,8.563451186167836,5236.722927549033,8.361275460109237,4278.147895013723,3.3997139930725098
81,0.002,8.558227799788053,5209.4408148723305,8.360063407046736,4272.9656939415,3.399169445037842
82,0.0019801980198019802,8.552986684070635,5182.20895773241,8.358919364361723,4268.080034030652,3.400562047958374
83,0.00196078431372549,8.548091256465012,5156.901824103792,8.352717198616217,4241.690614614204,3.3905270099639893
84,0.001941747572815534,8.537369457948873,5101.905916146281,8.352036905682777,4238.80600376468,3.385965585708618
85,0.001923076923076923,8.537700263011097,5103.593931636969,8.34776152066948,4220.722161342425,3.385878324508667
86,0.0019047619047619048,8.530540002569108,5067.181387117781,8.343909488236608,4204.495076380574,3.3952221870422363
87,0.0018867924528301887,8.527432835460221,5051.461242981862,8.340152917814649,4188.730223965739,3.399928331375122
88,0.0018691588785046728,8.523069609695238,5029.468591478361,8.337390107556809,4177.173528964527,3.3922884464263916
89,0.0018518518518518517,8.516595914537815,4997.014507279528,8.334063774298045,4163.301941279408,3.3948965072631836
90,0.0018348623853211008,8.51135640123883,4970.9010539463625,8.331312664284194,4151.863980376578,3.3909873962402344
91,0.0018181818181818182,8.508809489958276,4958.256718812503,8.326893837983944,4133.558089687405,3.3919315338134766
92,0.0018018018018018018,8.502416394196866,4926.659219339604,8.321733045183922,4112.2806044310055,3.385977029800415
93,0.0017857142857142857,8.501201912466549,4920.679513582903,8.318315572975095,4098.250986319919,3.3848159313201904
94,0.0017699115044247787,8.491988144821363,4875.549742767697,8.31681257043003,4092.0959313475105,3.3942923545837402
95,0.0017543859649122807,8.489971660646757,4865.728179710185,8.31489302895286,4084.24851760638,3.390108585357666
96,0.0017391304347826088,8.487339962807848,4852.939888215264,8.31049087224913,4066.3085319006186,3.391275644302368
97,0.0017241379310344825,8.479387776125142,4814.501441677221,8.30606224911272,4048.340200707374,3.400385618209839
98,0.0017094017094017092,8.477064765062455,4803.330281954342,8.305175000971014,4044.7499113616004,3.394575357437134
99,0.001694915254237288,8.474039591433153,4788.821330965606,8.305292050700542,4045.223375953646,3.386617660522461
100,0.001680672268907563,8.468722079444852,4763.424300479108,8.30003522447318,4024.014135103895,3.385941505432129
101,0.0016666666666666668,8.463832781959502,4740.191344723605,8.29882689941028,4019.154754417962,3.3882386684417725
102,0.0016528925619834708,8.461118221692262,4727.341258697431,8.293268452005938,3996.87646780757,3.389775276184082
103,0.001639344262295082,8.45725247092513,4709.101812890169,8.291729765490066,3990.7312568699804,3.4199774265289307
104,0.0016260162601626016,8.450724657001414,4678.4617875035165,8.286356819562675,3969.34677389631,3.4214463233947754
105,0.0016129032258064516,8.450266648157472,4676.319501259265,8.28228932766875,3953.2342790048992,3.409109592437744
106,0.0016,8.445824028800997,4655.59047340992,8.279591071704202,3942.5818190271666,3.388028383255005
107,0.001587301587301587,8.439025029604016,4624.044479634266,8.278949418343789,3940.0528595987116,3.3875865936279297
108,0.0015748031496062992,8.438933436758017,4623.620969635888,8.28020775613706,3945.0138976956796,3.429978370666504
109,0.0015624999999999999,8.435331981478843,4606.999154813337,8.275276132851593,3925.6064696920807,3.43339204788208
110,0.0015503875968992248,8.432899599934853,4595.806792661839,8.269675723777329,3903.6829153355047,3.4308021068573
111,0.0015384615384615385,8.42940787204857,4579.78746975803,8.270504584982376,3906.9198679677424,3.385733127593994
112,0.0015267175572519082,8.422989264885244,4550.485751805382,8.268242461622254,3898.091921984235,3.383704662322998
113,0.0015151515151515152,8.418870336508034,4531.781174763242,8.265585217594115,3887.7474904296796,3.391813039779663
114,0.0015037593984962405,8.416742612568605,4522.14904635843,8.263557260686701,3879.87129504391,3.387772798538208
115,0.0014925373134328358,8.413077113352108,4505.60345502354,8.261138718975477,3870.4990026911382,3.391392469406128
116,0.0014814814814814814,8.411031213031817,4496.394862614925,8.263093116854833,3878.0708945685824,3.392086982727051
117,0.0014705882352941176,8.408031483678858,4482.927104876142,8.25961752962475,3864.6157167567007,3.3847484588623047
118,0.00145985401459854,8.405632795080095,4472.186845159546,8.253536133726767,3841.184777212245,3.385671377182007
119,0.0014492753623188406,8.401002100097264,4451.525387348763,8.253229101827323,3840.005591986984,3.385636329650879
120,0.0014388489208633094,8.39656367486127,4431.811406608841,8.253248072852774,3840.078441521815,3.396375894546509
121,0.0014285714285714286,8.398113181560337,4438.683851146765,8.246925007213246,3815.873977326566,3.3906049728393555
122,0.0014184397163120566,8.390089949824779,4403.213744723893,8.248499109725321,3821.8852841053545,3.3915016651153564
123,0.001408450704225352,8.389069227292302,4398.72157825713,8.246339801914436,3813.641560930106,3.3861782550811768
124,0.0013986013986013986,8.385008623262332,4380.89632682628,8.242188087179642,3797.8412309951736,3.3859035968780518
125,0.001388888888888889,8.38388157586683,4375.961630371915,8.24131904554761,3794.54218256644,3.3851232528686523
126,0.0013793103448275863,8.382112832130792,4368.228516613369,8.237261007639987,3779.174987965106,3.3861372470855713
127,0.00136986301369863,8.377580517453698,4348.47512849436,8.235738521765086,3773.4256251995184,3.3875176906585693
128,0.0013605442176870747,8.376386259758421,4343.2850283848,8.234071692159354,3767.141206634879,3.385704755783081
129,0.0013513513513513512,8.37163635548604,4322.703758498686,8.230607962805378,3754.115420977937,3.3878588676452637
130,0.0013422818791946308,8.370884655882872,4319.455604769694,8.230591427196156,3754.0533449055974,3.3941855430603027
131,0.0013333333333333333,8.36400597453629,4289.845402400701,8.22853246405105,3746.33183929924,3.3865582942962646
132,0.0013245033112582781,8.362741416309014,4284.424071620011,8.227536698018223,3742.603226027286,3.3916704654693604
133,0.0013157894736842105,8.362799998107386,4284.675068238961,8.227627502000036,3742.943084732583,3.3857457637786865
134,0.00130718954248366,8.357046746593689,4260.095030286893,8.225173355134066,3733.768615044392,3.3868331909179688
135,0.0012987012987012987,8.356196971205682,4256.4764440900835,8.220080753988471,3714.8023555057143,3.4283502101898193
136,0.0012903225806451613,8.354897740982121,4250.949892157101,8.219597233228447,3713.0066056235996,3.432068347930908
137,0.001282051282051282,8.349161181224774,4226.633875898244,8.220065597660286,3714.74605316874,3.4229307174682617
138,0.0012738853503184713,8.349447298254578,4227.843360847753,8.218598913555303,3709.3016877366053,3.386337995529175
139,0.0012658227848101266,8.346815589773808,4216.731537572688,8.215930461883545,3699.4167899984195,3.387476682662964
140,0.0012578616352201257,8.34375675921788,4203.852977008163,8.21236713267555,3686.258008556625,3.3848235607147217
141,0.00125,8.34015916120341,4188.75637591858,8.2113168889826,3682.388571614095,3.3881187438964844
142,0.0012422360248447203,8.338367256688457,4181.257245326111,8.206154764191178,3663.428601246473,3.3915364742279053
143,0.0012345679012345677,8.337400959898986,4177.2188613269755,8.20559111508456,3661.364294815116,3.392451524734497
144,0.001226993865030675,8.333415694502802,4160.604663529784,8.2077232037694,3669.1789760355337,3.392308473587036
145,0.0012195121951219514,8.33062531385299,4149.011175430034,8.20480665490647,3658.493226594927,3.3909382820129395
146,0.0012121212121212121,8.329223301277652,4143.198285411491,8.201439092967135,3646.1937453057553,3.3916566371917725
147,0.0012048192771084336,8.326623191342334,4132.439507449622,8.200323731446069,3642.1291882505293,3.392909288406372
148,0.0011976047904191614,8.325868003665121,4129.3199181427335,8.198915989930965,3637.0056189655816,3.3922908306121826
149,0.0011904761904761904,8.320707847529727,4108.0668643292465,8.198848791358884,3636.761225592871,3.393756866455078
150,0.0011834319526627221,8.317595289909788,4095.3001483839666,8.19563109421533,3625.0780359486935,3.3996245861053467
151,0.0011764705882352942,8.317974350073818,4096.852807787041,8.195275688959548,3623.7898930820297,3.3918697834014893
152,0.0011695906432748538,8.31519542743208,4085.4837749074154,8.19590863314542,3626.0842758571994,3.3998615741729736
153,0.0011627906976744184,8.310422613692387,4066.030981021679,8.19466320936345,3621.571075271651,3.3921313285827637
154,0.0011560693641618498,8.309803949200544,4063.5162499985945,8.190065320858286,3604.957717704911,3.393786907196045
155,0.001149425287356322,8.310152566279465,4064.9331081199334,8.187084312281332,3594.227309494564,3.3865368366241455
156,0.001142857142857143,8.30858055614095,4058.548012094339,8.187758426035732,3596.6510444050687,3.3875842094421387
157,0.0011363636363636363,8.306441585802725,4049.8761759865934,8.185739509330308,3589.3970306167093,3.386033058166504
158,0.0011299435028248586,8.302382703298152,4033.4715192389012,8.184045460598528,3583.3215646497943,3.394261121749878
159,0.0011235955056179774,8.300644758740209,4026.4676572872045,8.181766651878672,3575.1651571980983,3.3875479698181152
160,0.00111731843575419,8.297305732121284,4013.0455953806004,8.182252119395358,3576.901205112045,3.389864444732666
161,0.0011111111111111111,8.298215798963293,4016.6993974623056,8.179903775207267,3568.511265044823,3.374976396560669
162,0.0011049723756906076,8.295182620199965,4004.53448864939,8.179999615535262,3568.85328872449,3.3920509815216064
163,0.001098901098901099,8.292975240715583,3995.7047102957154,8.175689366238176,3553.503745288726,3.391181468963623
164,0.001092896174863388,8.291676497561737,3990.5186845451008,8.177817060927714,3561.072565550777,3.390531063079834
165,0.0010869565217391302,8.289261914118166,3980.894867628376,8.17691340328248,3557.8560286446536,3.384465456008911
166,0.001081081081081081,8.284673257344782,3962.66975380454,8.173964587124912,3547.380018805817,3.3852202892303467
167,0.001075268817204301,8.286163867082719,3968.5809524784263,8.171227285684633,3537.6830481917414,3.397458076477051
168,0.0010695187165775401,8.2834475169366,3957.8155249829997,8.171794028321573,3539.68857226545,3.4217872619628906
169,0.0010638297872340426,8.282048731300453,3952.283259604839,8.171079009032447,3537.158531280624,3.4096200466156006
170,0.001058201058201058,8.28056421238977,3946.4203732251485,8.169177603130498,3530.4393471456515,3.4018425941467285
171,0.0010526315789473684,8.277483557017575,3934.2815195141343,8.169040605056384,3529.9557168832816,3.3894522190093994
172,0.0010471204188481674,8.27572013584841,3927.349837730624,8.169574997641824,3531.842603169431,3.3948161602020264
173,0.0010416666666666667,8.275442947338579,3926.2613723435393,8.166598469757837,3521.3456052328065,3.3902530670166016
174,0.0010362694300518134,8.272086667400574,3913.105829260181,8.167215567975004,3523.5192919479455,3.3929944038391113
175,0.0010309278350515462,8.270611548935396,3907.3377899118436,8.1638878475536,3511.813492461147,3.39066219329834
176,0.0010256410256410256,8.268759339459464,3900.107280108222,8.16547878123512,3517.4050015101825,3.3941853046417236
177,0.001020408163265306,8.268597666695394,3899.4767899519916,8.159773483749264,3497.3942973879957,3.3915176391601562
178,0.0010152284263959391,8.267425393444274,3894.9082159495047,8.160443818273624,3499.7395074806614,3.393418073654175
179,0.00101010101010101,8.263881326028718,3881.1288306129627,8.15674753425535,3486.827354464496,3.392174243927002
180,0.0010050251256281406,8.262913622058,3877.3748634901085,8.157920423618032,3490.919416476947,3.4004385471343994
181,0.001,8.259781911956393,3865.251043515944,8.156175424244779,3484.83307615756,3.394061326980591
182,0.0009950248756218905,8.260893819669796,3869.551236231151,8.155071684151642,3480.9888480781087,3.391059398651123
183,0.0009900990099009901,8.256613408444776,3853.023363963976,8.150387783681065,3464.7223678009154,3.3861374855041504
184,0.0009852216748768472,8.255801731731758,3849.897223504066,8.15324519291397,3474.6366553268062,3.3969013690948486
185,0.000980392156862745,8.25327074517508,3840.165506004894,8.150718022969144,3465.8667441976727,3.391775369644165
186,0.000975609756097561,8.25175106228677,3834.334104260136,8.148528863575834,3458.287708344241,3.3850696086883545
187,0.000970873786407767,8.250536979626176,3829.681730463873,8.149646971836564,3462.156610921824,3.3858695030212402
188,0.0009661835748792271,8.248488824050314,3821.845973637576,8.150756193586618,3465.99904099629,3.3849382400512695
189,0.0009615384615384615,8.248719916118572,3822.72927398611,8.1469805102703,3452.9372004467755,3.3856399059295654
190,0.0009569377990430621,8.247482321497708,3818.0012111156666,8.146125702818564,3449.9868651614,3.3933372497558594
191,0.0009523809523809524,8.24310027028358,3801.307138128167,8.145267734842852,3447.0281563346707,3.395401954650879
192,0.000947867298578199,8.242425404495435,3798.7426314366594,8.145312155573821,3447.181279245937,3.3922042846679688
193,0.0009433962264150942,8.240562651392729,3791.673098255186,8.144125792605818,3443.0940959530753,3.3896515369415283
194,0.0009389671361502347,8.23906245702326,3785.9891162272597,8.14222092667887,3436.5417060198683,3.3922553062438965
195,0.0009345794392523364,8.238037867812128,3782.1120191803866,8.14025992007295,3429.8092284068825,3.4005415439605713
196,0.0009302325581395349,8.238738543383553,3784.762981304362,8.135791837676498,3414.51874318214,3.4008562564849854
197,0.0009259259259259259,8.236259768653836,3775.3930242723623,8.138465270523197,3423.659442824932,3.433868885040283
198,0.0009216589861751151,8.234065438135499,3767.117646917578,8.137046325305276,3418.8049026085714,3.432265281677246
199,0.0009174311926605504,8.232922258499865,3762.813615347938,8.1344024760664,3409.778035964302,3.4073777198791504
200,0.0009132420091324201,8.230874135258883,3755.1147960874437,8.134819377552379,3411.1998738569246,3.404210090637207
201,0.0009090909090909091,8.22962621189494,3750.431623327235,8.13273682081995,3404.1032487210546,3.4246058464050293
202,0.0009049773755656108,8.230073663195826,3752.110134333938,8.13104695328011,3398.3556228697244,3.4076876640319824
203,0.0009009009009009008,8.226071307792173,3737.122868251937,8.132131655354145,3402.0438262014395,3.4315366744995117
204,0.0008968609865470852,8.227777374660509,3743.504091609435,8.131839220188866,3401.0490944072026,3.4162020683288574
205,0.0008928571428571428,8.225577613928799,3735.278328981529,8.127813071258798,3387.383492568561,3.3852717876434326
206,0.0008888888888888889,8.224528405594723,3731.3612990782144,8.129144589763042,3391.8968605195314,3.38498854637146
207,0.0008849557522123894,8.22223016468752,3722.795578715867,8.12887821512774,3390.993465556421,3.385420560836792
208,0.0008810572687224669,8.221946518615592,3721.739772118149,8.128319251635842,3389.098553650537,3.3861188888549805
209,0.0008771929824561404,8.219151747380204,3711.352882108924,8.124133346494565,3374.941758761811,3.38606333732605
210,0.0008733624454148471,8.21805160178647,3707.272098728397,8.12423379362122,3375.280778990627,3.393522262573242
211,0.0008695652173913044,8.215496754543976,3697.8126736681293,8.125490838831121,3379.526327390011,3.391585111618042
212,0.0008658008658008658,8.217250819062983,3704.3045676128695,8.124107081042833,3374.8531155560804,3.389519214630127
213,0.0008620689655172413,8.214514431523662,3694.182010687845,8.122814209993221,3370.492685010869,3.3982834815979004
214,0.0008583690987124463,8.211978092930348,3684.824186605178,8.120788735791672,3363.6727481655307,3.391793727874756
215,0.0008547008547008546,8.21002724119522,3677.6426482829856,8.121477442339431,3365.9901295179693,3.39877986907959
216,0.000851063829787234,8.210147871991596,3678.08631200365,8.118220482975984,3355.0450699307503,3.3917899131774902
217,0.000847457627118644,8.20584330579242,3662.2877733098117,8.118239134796395,3355.1076482124654,3.39919114112854
218,0.0008438818565400843,8.207623169043545,3668.8119490805834,8.116454668281492,3349.1259096537265,3.3998701572418213
219,0.0008403361344537815,8.206851874502943,3665.983305452685,8.117256976356192,3351.814018615798,3.3948590755462646
220,0.0008368200836820083,8.205550521228446,3661.215668936418,8.115241251701166,3345.064489341057,3.3888370990753174
221,0.0008333333333333334,8.202009204733525,3648.2730759315987,8.114281358797689,3341.855126244919,3.388568639755249
222,0.0008298755186721991,8.201353806999109,3645.882789402851,8.113109088141071,3337.9398628643116,3.396833658218384
223,0.0008264462809917354,8.201468087879885,3646.299467907971,8.11355447769165,3339.4268775255077,3.397364616394043
224,0.0008230452674897119,8.200964903524506,3644.4651685947542,8.114372738136733,3342.1605167105163,3.3902297019958496
225,0.000819672131147541,8.198565810535086,3635.7322375041126,8.112608736211603,3336.270135973851,3.3846476078033447
226,0.0008163265306122449,8.198495576719358,3635.4768951230453,8.112303919043423,3335.253338535251,3.3851213455200195
227,0.0008130081300813008,8.196774525294488,3629.2254335191424,8.112462638823454,3335.7827512245094,3.392085075378418
228,0.0008097165991902834,8.196474206703416,3628.1356732960803,8.108658065480634,3323.1156328616653,3.3875324726104736
229,0.0008064516129032258,8.19569167149425,3625.297639963427,8.109591231858435,3326.2180999736574,3.395503520965576
230,0.0008032128514056224,8.193269433688709,3616.526933620127,8.109155505156714,3324.769093640053,3.388885736465454
231,0.0008,8.193021871705936,3615.6317298554686,8.110482940989092,3329.1854418302532,3.3882129192352295
232,0.000796812749003984,8.192002415145415,3611.947628577722,8.107997803648642,3320.922230635559,3.385806083679199
233,0.0007936507936507935,8.190518819620682,3606.5929323242553,8.106400375523844,3315.6215309346494,3.3858227729797363
234,0.0007905138339920949,8.188761190897406,3600.2594485801933,8.104562144634151,3309.5322514834343,3.418926477432251
235,0.0007874015748031496,8.187465325547901,3595.5970187046664,8.105758773393868,3313.49490339554,3.421049118041992
236,0.000784313725490196,8.186720458837026,3592.919775398205,8.10432210244423,3308.7379194545892,3.4204671382904053
237,0.0007812499999999999,8.186554263282742,3592.3226977218364,8.104169510612802,3308.2330715945527,3.392930269241333
238,0.0007782101167315175,8.184157138627997,3583.721765287483,8.10229930010709,3302.0517613261027,3.393728256225586
239,0.0007751937984496124,8.183010814732237,3579.6160131026973,8.102509668050718,3302.74648023562,3.3939454555511475
240,0.0007722007722007722,8.182224159486305,3576.8011966777785,8.101174985081697,3298.3413011701314,3.3884971141815186
241,0.0007692307692307692,8.182692355454735,3578.4762326698915,8.100181555945026,3295.0662598489466,3.3915951251983643
242,0.0007662835249042146,8.181843861592174,3575.4412053322717,8.098844859225691,3290.66469802142,3.3970208168029785
243,0.0007633587786259541,8.179115175484588,3565.6982473690946,8.098863570158146,3290.7262700023493,3.393632411956787
244,0.0007604562737642585,8.17763143588545,3560.4116026528245,8.096348368431912,3282.4598298477035,3.3918964862823486
245,0.0007575757575757576,8.176857222200974,3557.6561500598714,8.096155745924012,3281.827615094549,3.392150402069092
246,0.0007547169811320754,8.178457910513162,3563.355408829617,8.095656130924699,3280.1883743216245,3.391843318939209
247,0.0007518796992481202,8.173493426654472,3545.709027250824,8.094589505313841,3276.691506648975,3.393609046936035
248,0.0007490636704119849,8.176176600804144,3555.235557008733,8.09355885529321,3273.3161241978305,3.3867924213409424
249,0.0007462686567164179,8.171626328398741,3539.095016536048,8.095401759975212,3279.3540958029625,3.3867173194885254
250,0.0007434944237918215,8.170085061363908,3533.6445274624575,8.095081368753732,3278.303587834293,3.382866859436035
251,0.0007407407407407407,8.16861582498182,3528.4565804548406,8.091912175013015,3267.930454540239,3.3920247554779053
252,0.0007380073800738007,8.172133473572302,3540.890306690348,8.091711974341022,3267.2762781526776,3.392181873321533
253,0.0007352941176470588,8.168275869148484,3527.2572649263466,8.092376149390354,3269.447042339807,3.392500638961792
254,0.0007326007326007326,8.169703188065295,3532.2953805886086,8.088874485867082,3258.018559918054,3.3854191303253174
255,0.00072992700729927,8.167165270383778,3523.3420718718303,8.090522308980137,3263.3916239175737,3.3930509090423584
256,0.0007272727272727273,8.164838866205175,3515.1548812029987,8.089951881692429,3261.530627116951,3.3856945037841797
257,0.0007246376811594203,8.166872430563997,3522.3104480721104,8.089315544475209,3259.4558539915042,3.3871970176696777
258,0.0007220216606498195,8.16390668066786,3511.8796314687133,8.08747840912874,3253.4732895048533,3.3858656883239746
259,0.0007194244604316547,8.162713930842191,3507.6933347491513,8.088032371741681,3255.276091365751,3.3912270069122314
260,0.0007168458781362007,8.162352581187891,3506.4260599536933,8.087136430188645,3252.360860382186,3.386338710784912
261,0.0007142857142857143,8.160312856420427,3499.2812051197748,8.08481004809545,3244.803420470865,3.3940722942352295
262,0.0007117437722419928,8.160887027707734,3501.290968833061,8.08455709189423,3243.9827311275194,3.388709783554077
263,0.0007092198581560283,8.159184191462309,3495.3339170468503,8.084518507492444,3243.8575664091545,3.39416241645813
264,0.0007067137809187279,8.159353451053471,3495.9255859080276,8.082677218539656,3237.890182832394,3.3984110355377197
265,0.000704225352112676,8.159583744982282,3496.730769056872,8.08504755634907,3245.5741795918016,3.398991584777832
266,0.0007017543859649123,8.156202707577162,3484.9281553137066,8.084778064538625,3244.6996417758946,3.386847972869873
267,0.0006993006993006993,8.155298045571781,3481.7768988460307,8.083602739759714,3240.8883061041633,3.397088050842285
268,0.0006968641114982578,8.156499165629112,3485.96144348155,8.083480204432464,3240.491207124817,3.4312386512756348
269,0.0006944444444444445,8.15519562831764,3481.420323076588,8.082100880047507,3236.0245997419906,3.4306139945983887
270,0.0006920415224913495,8.154077373144453,3477.529382727821,8.078931883346936,3225.7858802651212,3.412177801132202
271,0.0006896551724137932,8.151981932922494,3470.250057145563,8.079603277947292,3227.952382694671,3.3896007537841797
272,0.0006872852233676975,8.15106226835128,3467.060058204095,8.080046370009745,3229.382979693099,3.3857741355895996
273,0.000684931506849315,8.148680465927452,3458.8120326367916,8.079831840578189,3228.690256305623,3.3874804973602295
274,0.0006825938566552901,8.150749476273173,3465.9757588725283,8.076756603461652,3218.7765195501656,3.386308431625366
275,0.0006802721088435374,8.147814863229515,3455.819371024526,8.076550889606319,3218.1144407246015,3.386151075363159
276,0.0006779661016949153,8.149609970944121,3462.0285104073755,8.076668944240602,3218.4943764741297,3.387568950653076
277,0.0006756756756756756,8.148842660551932,3459.3730788536814,8.07571229461796,3215.416877322306,3.3858225345611572
278,0.0006734006734006733,8.146305485754054,3450.607169685834,8.076532537286932,3218.055381402501,3.392467498779297
279,0.0006711409395973154,8.144906599429543,3445.7835371483043,8.075446526866314,3214.562436754619,3.38572359085083
280,0.0006688963210702341,8.14302870337032,3439.3187857883327,8.076428295167025,3217.7199419713293,3.386430025100708
281,0.0006666666666666666,8.143640806337283,3441.4246474577835,8.072635465417026,3205.5387931627643,3.3842554092407227
282,0.0006644518272425248,8.14333330694698,3440.3665741637014,8.072360105750974,3204.656238586706,3.3865807056427
283,0.0006622516556291391,8.141123148709408,3432.7712162028442,8.073066183358184,3206.919773617239,3.3914480209350586
284,0.0006600660066006601,8.141141863646936,3432.835460902871,8.07372426592614,3209.0308861840895,3.388532876968384
285,0.0006578947368421052,8.138115264417788,3422.4613507990957,8.070970354001384,3200.2056552915806,3.3938450813293457
286,0.0006557377049180328,8.140599780839912,3430.9750841048663,8.0698721428548,3196.693082895692,3.393035650253296
287,0.00065359477124183,8.139490283916949,3427.170538762243,8.069833633328273,3196.5699821289068,3.3880181312561035
288,0.0006514657980456025,8.137898775027034,3421.7205044219672,8.071417028253729,3201.6354240566825,3.3897111415863037
289,0.0006493506493506494,8.13773758237454,3421.1689926687777,8.07087263785118,3199.892958793081,3.386382579803467
290,0.0006472491909385113,8.137244285943682,3419.48175840287,8.070142781438907,3197.5583484673143,3.386047601699829
291,0.0006451612903225806,8.137440985978417,3420.1544367392803,8.069516063721712,3195.555009828048,3.386110544204712
292,0.0006430868167202572,8.134441103546404,3409.9097496410714,8.072127933344564,3203.9122922013307,3.3851451873779297
293,0.000641025641025641,8.13463070014004,3410.55631820587,8.070472181335953,3198.6117973515497,3.3862791061401367
294,0.0006389776357827476,8.133269634574267,3405.9174850351988,8.068966499044876,3193.7993281462645,3.3854193687438965
295,0.0006369426751592356,8.132568647523806,3403.530817592466,8.067519905153384,3189.182537663077,3.392078161239624
296,0.0006349206349206349,8.132273252839182,3402.5255811580546,8.06669371975355,3186.548769753164,3.393798828125
297,0.0006329113924050633,8.13034966268253,3395.9868074190126,8.066074347693073,3184.575721564368,3.395930290222168
298,0.0006309148264984227,8.13019396163875,3395.458089890436,8.065078230928783,3181.405091721909,3.3971645832061768
299,0.0006289308176100629,8.128293106995939,3389.0099480475396,8.066309976183678,3185.3261867468755,3.3970518112182617
300,0.0006269592476489028,8.127050508245379,3384.801383840294,8.063584288289725,3176.6558034686955,3.383908987045288
