epoch,lr,train_loss,train_ppl,val_loss,val_ppl,time
1,0.0001,25.835619678415455,166060775939.60736,15.848498549343141,7636871.206690419,4.270848274230957
2,9.523809523809524e-05,15.520425322536747,5500916.77423559,9.71591940793124,16579.452524870674,4.044982433319092
3,9.09090909090909e-05,9.702977728946015,16366.269024206376,8.293227006581205,3996.7108189974724,4.014233350753784
4,8.695652173913044e-05,8.54583151862345,5145.261734635227,7.928337290267314,2774.8092643960804,4.004101276397705
5,8.333333333333334e-05,8.167968633758152,3526.1737331219356,7.666241105922983,2135.040950248367,3.9916164875030518
6,8e-05,7.906444439458233,2714.720931593258,7.480853021637468,1773.7531806261045,4.062089681625366
7,7.692307692307693e-05,7.708289322423321,2226.7297814497215,7.338969352816747,1539.1250010831,4.011926651000977
8,7.407407407407407e-05,7.558951095450078,1917.8328344180206,7.23721611007186,1390.2183638367783,3.991102933883667
9,7.142857142857143e-05,7.447988663620191,1716.4073985629889,7.1648002577222085,1293.103287608002,4.032391548156738
10,6.896551724137931e-05,7.36118546678273,1573.7010279032668,7.108066070178324,1221.7824183788748,4.057263135910034
11,6.666666666666667e-05,7.2929491075835005,1469.8992023377539,7.063891225609898,1168.9851118719293,4.049333333969116
12,6.451612903225807e-05,7.237572275006208,1390.7135990565382,7.037008289463264,1137.9780081087122,4.040414571762085
13,6.25e-05,7.190910873904249,1327.3116687067397,7.003058398065488,1099.9922332343485,3.988715171813965
14,6.060606060606061e-05,7.152226094831213,1276.9453951133996,6.985904882762058,1081.284410805442,3.985830068588257
15,5.88235294117647e-05,7.115791477563556,1231.2577385256911,6.9664307862273915,1060.4310827015402,4.0340118408203125
16,5.714285714285715e-05,7.091236362129834,1201.3922386371971,6.950555616173863,1043.7294800858936,4.045573711395264
17,5.555555555555556e-05,7.062808148543722,1167.7196963015515,6.9372464447967275,1029.9303368361477,4.003253936767578
18,5.4054054054054054e-05,7.038382372631024,1139.542759337897,6.928760954171173,1021.2278472821648,3.978973388671875
19,5.2631578947368424e-05,7.017173324224775,1115.6286361142604,6.916797574886606,1009.0833009621824,3.982856512069702
20,5.128205128205128e-05,6.995027122988722,1091.1932737542913,6.908549257546417,1000.7942938486976,4.050243377685547
21,5e-05,6.979225895026211,1074.0865893246155,6.901792538067526,994.0550009441122,4.046842575073242
22,4.878048780487806e-05,6.962723770878346,1056.5073256085877,6.895767515355891,988.0838033506761,4.00016713142395
23,4.761904761904762e-05,6.947488266204048,1040.5329015155348,6.8889861185688614,981.4058834253109,4.050293922424316
24,4.651162790697674e-05,6.933340187236475,1025.915011225129,6.8841249923075525,976.6467223256858,4.041372776031494
25,4.545454545454545e-05,6.9178229282853945,1010.1184985854895,6.879570799425614,972.2089975720578,4.043816089630127
26,4.4444444444444447e-05,6.905472152529868,997.7194778985321,6.875589023936879,968.3455763579387,4.0513975620269775
27,4.347826086956522e-05,6.89638833140099,988.6974120790635,6.867241583579828,960.2960127811232,4.031368017196655
28,4.2553191489361704e-05,6.883118953622973,975.6646720149888,6.8626690344377,955.9150358211068,3.9918289184570312
29,4.1666666666666665e-05,6.873833787287765,966.6473915074399,6.860258780235101,953.6138119699673,3.990586519241333
30,4.0816326530612245e-05,6.861739721830311,955.0271045734801,6.857627186893431,951.1075873402461,4.0163819789886475
31,4e-05,6.852954446604324,946.6736759235473,6.856540813918941,950.074890809894,3.9746856689453125
32,3.921568627450981e-05,6.8442751561111645,938.4927736572192,6.8541616132436705,947.81715885183,3.984497308731079
33,3.846153846153846e-05,6.83511575240434,929.9359868222041,6.8538373521536835,947.5098684506451,3.98989200592041
34,3.773584905660377e-05,6.827761256745957,923.1218645746258,6.847614067645113,941.6315551445517,4.037142038345337
35,3.7037037037037037e-05,6.819246598681667,915.2951656644577,6.849006361212612,942.9434957930657,4.0473692417144775
36,3.6363636363636364e-05,6.811815034268752,908.5183032183212,6.847540886934138,941.5626483992232,4.034453868865967
37,3.571428571428572e-05,6.800206872424343,898.033050709882,6.8452471071038365,939.4053860756193,4.044644832611084
38,3.508771929824561e-05,6.797597594117914,895.6928869491933,6.843038618072005,937.3330088375498,4.031348943710327
39,3.448275862068965e-05,6.789168400007256,888.1746486017697,6.8419029535340865,936.2691172055365,4.065269708633423
40,3.389830508474576e-05,6.781638145037475,881.5115858065409,6.840042878773587,934.5292053363206,4.043454647064209
41,3.3333333333333335e-05,6.774186343082542,874.9671502509592,6.837956901424187,932.5818303777983,4.015840291976929
42,3.2786885245901635e-05,6.769421316318757,870.8078258785096,6.836376702489932,931.1093292920589,3.9329674243927
43,3.2258064516129034e-05,6.762614711876079,864.9007079759585,6.838342654803568,932.9416463660704,3.91703200340271
44,3.174603174603175e-05,6.757748083188298,860.7017829701875,6.834673381048786,929.5247007564295,3.909585475921631
45,3.125e-05,6.752931377509121,856.5660042146479,6.834223321646698,929.106453550485,3.9287381172180176
46,3.076923076923077e-05,6.746449168864238,851.0315218713114,6.833907395354973,928.8129707559029,3.9262614250183105
47,3.0303030303030302e-05,6.740910061848521,846.3305986756006,6.8328354141928935,927.8178342272603,3.9351210594177246
48,2.9850746268656717e-05,6.7375373656146005,843.4809907849053,6.830091066596922,925.2750702943326,3.9357922077178955
49,2.941176470588235e-05,6.728814993600477,836.1558286324478,6.831050612709739,926.1633404912727,3.924299478530884
50,2.898550724637681e-05,6.725941811917678,833.7568490241214,6.8293602131615,924.59907688664,3.917116403579712
51,2.8571428571428574e-05,6.719260922215016,828.2051771801407,6.828630845408794,923.9249500088648,3.9268836975097656
52,2.8169014084507043e-05,6.714378899259117,824.1717142334779,6.82730121848997,922.6972908695453,3.9324467182159424
53,2.777777777777778e-05,6.712865782807313,822.9255894572623,6.828457122991893,923.7644574744935,3.9351577758789062
54,2.73972602739726e-05,6.7062470636654306,817.4968615368875,6.825947958575792,921.4494861054015,3.9209351539611816
55,2.7027027027027027e-05,6.703711799081303,815.4269157350647,6.824365272994869,919.9922747480748,3.9604830741882324
56,2.6666666666666667e-05,6.700352093283199,812.6919181645718,6.8244534760467275,920.0734244531673,3.956864833831787
57,2.631578947368421e-05,6.6942830183986946,807.774567034984,6.824294145442238,919.9268402762572,3.9547297954559326
58,2.5974025974025975e-05,6.690601974700142,804.8065795523312,6.823905846304145,919.5697028196399,3.950303792953491
59,2.564102564102564e-05,6.686712644847166,801.6825005216567,6.824775597280707,920.3698473795006,3.9561235904693604
60,2.5316455696202533e-05,6.680621595751062,796.8142544657029,6.8235824127827795,919.2723312450762,3.950929641723633
61,2.5e-05,6.680666047616066,796.8496751326272,6.825396656004851,920.9416286391454,3.922534942626953
62,2.4691358024691353e-05,6.674047969850859,791.5934741734292,6.8240259580375735,919.6801605641568,3.9182701110839844
63,2.439024390243903e-05,6.672427398043129,790.3116790070821,6.822732752019709,918.4915933427911,3.9148342609405518
64,2.4096385542168674e-05,6.667721776184606,786.601507274057,6.821849263404027,917.6804748362164,3.926180362701416
65,2.380952380952381e-05,6.663437421332102,783.2386362996541,6.824248885320237,919.8852052174459,3.9287586212158203
66,2.3529411764705884e-05,6.6605178043054405,780.9552144218931,6.821727212795541,917.5684782106345,3.9213359355926514
67,2.325581395348837e-05,6.65830541291462,779.2293456814252,6.821670737148317,917.5166594002188,3.9220569133758545
68,2.298850574712644e-05,6.654930036160056,776.6035870168927,6.819195818309941,915.2486878157981,3.9267404079437256
69,2.2727272727272726e-05,6.649267334590142,772.2183405546771,6.82090129931111,916.8109588973599,3.9245967864990234
70,2.2471910112359552e-05,6.646422502001979,770.0246305026998,6.818689637932896,914.785524121985,3.921128034591675
71,2.2222222222222223e-05,6.643814352141941,768.018907620341,6.819578868298491,915.5993409697417,3.9176459312438965
72,2.1978021978021977e-05,6.641950221327753,766.5885535065609,6.819742277634045,915.748970674796,3.918318748474121
73,2.173913043478261e-05,6.638587050785834,764.0147160188826,6.816928753182908,913.1761096556053,3.918513774871826
74,2.150537634408602e-05,6.634339735334011,760.776586057728,6.815882229607952,912.2209492148993,3.916430950164795
75,2.1276595744680852e-05,6.63204949505851,759.0362185702519,6.81824980491449,914.3832597147859,3.9142069816589355
76,2.105263157894737e-05,6.629801930276109,757.3321512150618,6.818799704559578,914.886217020125,3.915039539337158
77,2.0833333333333333e-05,6.627505818150074,755.5952265292451,6.81809762292657,914.2441176403285,3.9198479652404785
78,2.061855670103093e-05,6.624323799477115,753.1947296476487,6.8184936302752535,914.606236725582,3.9196035861968994
79,2.0408163265306123e-05,6.6217443294279565,751.2543900012042,6.816663560788493,912.933974404196,3.918570041656494
80,2.0202020202020203e-05,6.618140073702571,748.5515508525306,6.814357635403468,910.8312420814225,3.9100430011749268
81,2e-05,6.616635315612662,747.4260088972329,6.816280041844392,912.5839140619754,3.9263017177581787
82,1.9801980198019803e-05,6.612572989647992,744.3958796679982,6.816803427767162,913.0616726510962,3.921175479888916
83,1.9607843137254903e-05,6.611578541866188,743.655984791063,6.815869347123075,912.2091976180116,3.911012887954712
84,1.941747572815534e-05,6.6055592258600715,739.1931295616243,6.815058905231066,911.4702045658977,3.9205758571624756
85,1.923076923076923e-05,6.6062248475561836,739.6853163332023,6.815289623481183,911.6805216375897,3.9379701614379883
86,1.904761904761905e-05,6.600790823989672,735.6767500781391,6.815030054612593,911.4439084661075,3.966761350631714
87,1.8867924528301888e-05,6.598848105090882,734.248924333461,6.815085478065428,911.4944252344742,3.9657719135284424
88,1.8691588785046727e-05,6.598168461926505,733.7500666129091,6.815079964882086,911.4894000124452,3.9461114406585693
89,1.8518518518518518e-05,6.594373292063439,730.9706380109916,6.815799224475199,912.1452333363557,3.9352152347564697
90,1.834862385321101e-05,6.592654665345286,729.7154512500235,6.816306496454665,912.6080564331005,3.922819137573242
91,1.8181818181818182e-05,6.592002891163969,729.2399965205809,6.814935207366943,911.3574646213706,3.9197192192077637
92,1.801801801801802e-05,6.588534883982122,726.7153672219517,6.813168383826894,909.7486784386348,3.9159326553344727
93,1.7857142857142855e-05,6.588755319865476,726.8755790234385,6.813026585854774,909.6196870664672,3.929839849472046
94,1.7699115044247787e-05,6.582113139107504,722.0635389506768,6.814101455625424,910.5979354214904,3.927818536758423
95,1.7543859649122806e-05,6.582641323236948,722.4450221902285,6.814243446696889,910.7272413779432,3.926327705383301
96,1.739130434782609e-05,6.579532877058431,720.2028273981509,6.8140482902526855,910.5495244297449,3.91707706451416
97,1.7241379310344825e-05,6.5769340777090175,718.333594691263,6.813890870937631,910.4061976287854,3.9201316833496094
98,1.7094017094017092e-05,6.575553738098799,717.3427343963436,6.814230792778583,910.7157171827449,3.9131765365600586
99,1.694915254237288e-05,6.5749585323579325,716.9158949239155,6.814798627017943,911.2329996007201,3.9144766330718994
100,1.680672268907563e-05,6.569676996402986,713.1394593169385,6.81496113390962,911.3810932758738,3.9188392162323
101,1.6666666666666667e-05,6.567163246793297,711.3490565343611,6.814583163616086,911.0366833889805,3.9170970916748047
102,1.652892561983471e-05,6.566052038168191,710.5590383460838,6.81425529669139,910.7380335546891,3.918801784515381
103,1.6393442622950818e-05,6.56475485486534,709.6379105907871,6.813728762067054,910.2586246700876,3.9127304553985596
104,1.6260162601626015e-05,6.561929694982045,707.6358993666115,6.8117855363640905,908.491504227289,3.9106760025024414
105,1.6129032258064517e-05,6.561585475037538,707.3923588947488,6.810789127980382,907.5867265148553,3.92451810836792
106,1.6e-05,6.559494742201122,705.914935448805,6.810017101035631,906.8863155101601,3.9282779693603516
107,1.5873015873015872e-05,6.554990804451218,702.7426876885747,6.8113540972559905,908.0996300040001,3.9258551597595215
108,1.5748031496062993e-05,6.556265533021591,703.6390650677404,6.812548397001156,909.184821053407,3.9212324619293213
109,1.5625e-05,6.554809614107844,702.6153690344928,6.811458465481593,908.1944116970664,3.919664144515991
110,1.5503875968992248e-05,6.553838341021231,701.9332689426622,6.809833723651476,906.7200283170173,3.9192800521850586
111,1.5384615384615384e-05,6.55073201830295,699.7562207403452,6.8100020747539425,906.8726884833061,3.921525716781616
112,1.5267175572519083e-05,6.547056607013096,697.1890494216316,6.810959760807762,907.7416038172937,3.9211387634277344
113,1.5151515151515151e-05,6.544232842850583,695.2231289235983,6.811451628188457,908.1882021268773,3.9209282398223877
114,1.5037593984962406e-05,6.5413359977656675,693.2120894608862,6.810960411040251,907.7421940605682,3.920728921890259
115,1.4925373134328359e-05,6.541783661494439,693.5224848408769,6.8112925892033855,908.0437762819317,3.9097323417663574
116,1.4814814814814815e-05,6.539365871986094,691.8477188848549,6.8129961431519055,909.5919962061047,3.914574146270752
117,1.4705882352941175e-05,6.538877429470995,691.5098735607039,6.81237409528622,909.0263623901131,3.920384407043457
118,1.45985401459854e-05,6.538076095008032,690.9559648302584,6.8112319560090375,907.9887203562931,3.9574034214019775
119,1.4492753623188405e-05,6.534751337075949,688.6625181955636,6.81158834646556,908.31237654142,3.9567017555236816
120,1.4388489208633095e-05,6.53216994739909,686.8871043835803,6.812597925012762,909.2298522849203,3.934969663619995
121,1.4285714285714287e-05,6.535280883772691,689.0272937315597,6.810426156382915,907.2573580902006,3.9090189933776855
122,1.4184397163120566e-05,6.528153988834103,684.1341258573821,6.812185354469237,908.8548082019643,3.923443078994751
123,1.4084507042253522e-05,6.5280956288775664,684.09420098455,6.812124205029701,908.799233939008,3.9115450382232666
124,1.3986013986013986e-05,6.526931737318571,683.298452690657,6.810575914777015,907.3932376694834,3.928511619567871
125,1.388888888888889e-05,6.525794955077601,682.5221324814713,6.810786767439409,907.5845841217298,3.9565577507019043
126,1.3793103448275863e-05,6.525166963405364,682.093648822322,6.810040186259372,906.907251425316,3.9440243244171143
127,1.36986301369863e-05,6.521849006849297,679.8342421078069,6.810234865866417,907.0838249597251,3.9202449321746826
128,1.3605442176870747e-05,6.523838697687239,681.1882486511606,6.810172782456579,907.0275118509358,3.9212663173675537
129,1.3513513513513513e-05,6.520755209533953,679.0910477649952,6.808614856940656,905.6155307128888,3.919360399246216
130,1.3422818791946309e-05,6.519146650748191,677.9995679838232,6.810327703302557,907.1680402055013,3.928318738937378
131,1.3333333333333333e-05,6.51427417394941,674.7040659676769,6.8094653965027865,906.3861202118128,3.92494535446167
132,1.324503311258278e-05,6.513356404038458,674.0851269423863,6.8102902183847975,907.134035723452,3.9204018115997314
133,1.3157894736842104e-05,6.514090227364471,674.5799678729579,6.81158841345921,908.312437392584,3.920564889907837
134,1.30718954248366e-05,6.5111314421559605,672.5869805067802,6.810873733079138,907.6635162278367,3.9205777645111084
135,1.2987012987012988e-05,6.51055458134336,672.199103320991,6.810338591741136,907.1779179027643,3.9197146892547607
136,1.2903225806451613e-05,6.509894740632675,671.7557052890578,6.810277607815324,907.1225963188019,3.919679641723633
137,1.282051282051282e-05,6.505959036421878,669.117069382336,6.810744293465102,907.5460362160692,3.921703815460205
138,1.2738853503184714e-05,6.506843879601474,669.7093950765592,6.810633887929365,907.4458436407442,3.9200665950775146
139,1.2658227848101267e-05,6.506221044728684,669.2924065816383,6.8098256765318315,906.7127318618232,3.92061185836792
140,1.2578616352201259e-05,6.5036882519210355,667.599372545323,6.810793151540205,907.5903782516905,3.9200117588043213
141,1.25e-05,6.499586691876849,664.8667814074984,6.810258802303598,907.1055375745792,3.9233641624450684
142,1.2422360248447205e-05,6.50154372939736,666.1692246943487,6.808780193328857,905.7652742925264,3.9199469089508057
143,1.2345679012345677e-05,6.500774361851901,665.6568928241139,6.809006324484328,905.9701192006227,3.9204604625701904
144,1.2269938650306748e-05,6.497312510167069,663.3564715442457,6.8098039627075195,906.6930438746136,3.9564919471740723
145,1.2195121951219515e-05,6.495945027150821,662.4499627946155,6.8092768763707685,906.215264286168,3.96118426322937
146,1.2121212121212122e-05,6.496138897269581,662.5784044976767,6.808699229532037,905.6919430655187,3.92077898979187
147,1.2048192771084337e-05,6.492088172568784,659.8999103719975,6.80864609174492,905.6438178784987,3.920215606689453
148,1.1976047904191615e-05,6.4936784760634785,660.9501864130885,6.808332194966718,905.3595838142811,3.9447638988494873
149,1.1904761904761905e-05,6.490198103041096,658.6538316187733,6.808588181645417,905.5913734734366,3.955643892288208
150,1.183431952662722e-05,6.48688578994489,656.4757731036736,6.80823757628764,905.2739239389456,3.95312762260437
151,1.1764705882352942e-05,6.488827221997306,657.7515141928267,6.80825846254333,905.2928319190485,3.92478084564209
152,1.1695906432748537e-05,6.487394907546146,656.8100815684996,6.810071968835247,906.936075731899,3.9195356369018555
153,1.1627906976744185e-05,6.482201343339912,653.4077390284315,6.810190512129098,907.0435932942452,3.919130325317383
154,1.1560693641618498e-05,6.482684209111422,653.7233234467733,6.809033929809066,905.9951291451677,3.9196183681488037
155,1.149425287356322e-05,6.483260254593878,654.1000062968317,6.808668932638878,905.6645038291489,3.9192616939544678
156,1.1428571428571429e-05,6.483663937155269,654.3641083658928,6.808985154490825,905.9509400220974,3.919980049133301
157,1.1363636363636363e-05,6.4819076398923166,653.2158591020706,6.809058248504134,906.0171620323512,3.918933629989624
158,1.1299435028248586e-05,6.478896273256883,651.2517454756246,6.809245625803293,906.1869449874039,3.919811725616455
159,1.1235955056179776e-05,6.478098371612156,650.7323178903987,6.808451912619851,905.4679778271051,3.9201507568359375
160,1.11731843575419e-05,6.474845953765345,648.6193025532534,6.808983771268987,905.9496868918393,3.919605016708374
161,1.1111111111111112e-05,6.476221308483074,649.5119979167016,6.808773608247111,905.7593097737904,3.921053409576416
162,1.1049723756906077e-05,6.474846534565283,648.6196792714135,6.809244329279119,906.185770094885,3.9197351932525635
163,1.098901098901099e-05,6.472771315103948,647.2750467763046,6.80823380888001,905.2705134094815,3.9208426475524902
164,1.092896174863388e-05,6.474250924433761,648.2334698454758,6.809338270140088,906.2709019649437,3.9267168045043945
165,1.0869565217391303e-05,6.472911987386548,647.3661068392682,6.809288261350521,906.2255815873345,3.9262640476226807
166,1.0810810810810812e-05,6.46848366250296,644.5056974849194,6.808861968931088,905.8393468219325,3.919717311859131
167,1.075268817204301e-05,6.46982357655472,645.3698585469033,6.808669255784721,905.6647964909153,3.9208619594573975
168,1.0695187165775402e-05,6.4681739946291685,644.3061456749198,6.808713026283201,905.7044387580888,3.9198012351989746
169,1.0638297872340426e-05,6.468346725512983,644.4174468572086,6.809312619453619,906.2476557923228,3.9200894832611084
170,1.0582010582010582e-05,6.466188817986091,643.0283529053556,6.808779688906078,905.7648174040047,3.92049241065979
171,1.0526315789473684e-05,6.463794524475229,641.4905959480632,6.808992791766963,905.9578590460148,3.9204626083374023
172,1.0471204188481675e-05,6.463563003048876,641.3420943216153,6.809474543106457,906.3944106043416,3.9203946590423584
173,1.0416666666666668e-05,6.463004336950605,640.9838983014262,6.809512398459694,906.4287231343794,3.9201600551605225
174,1.0362694300518135e-05,6.461987781933961,640.3326339831086,6.810302687085365,907.1453465766334,3.9202327728271484
175,1.0309278350515464e-05,6.46032659956314,639.2698077186095,6.809274874442865,906.2134501103599,3.9200148582458496
176,1.0256410256410258e-05,6.459964961760034,639.0386653871757,6.810022432942036,906.8911509560057,3.919571876525879
177,1.0204081632653061e-05,6.4588304077606855,638.3140526474909,6.80876125382983,905.7481197144447,3.919957399368286
178,1.0152284263959392e-05,6.459937254451376,639.0209595909205,6.80973516811024,906.6306704373068,3.932178258895874
179,1.0101010101010101e-05,6.456586458754642,636.8833143157882,6.8088539533378665,905.8320860113045,3.9585890769958496
180,1.0050251256281406e-05,6.455659373123758,636.2931425586848,6.809533446288306,906.447801691573,3.954763412475586
181,1e-05,6.4516896415677705,633.7722365623829,6.809982760878634,906.8551734264221,3.933652639389038
182,9.950248756218906e-06,6.454899570154018,635.8098687590272,6.809757674035947,906.6510752294329,3.919469118118286
183,9.900990099009901e-06,6.451243174229568,633.4893411153863,6.808020942467303,905.0778322311663,3.9188342094421387
184,9.852216748768473e-06,6.4509378089413625,633.2959249929492,6.809084793752875,906.0412128024967,3.9266910552978516
185,9.803921568627451e-06,6.448696454911785,631.8780741659508,6.808718259669533,905.7091786717218,3.926414728164673
186,9.756097560975611e-06,6.44865145580963,631.8496408596835,6.808027819168469,905.0840562023506,3.921222686767578
187,9.70873786407767e-06,6.447994518280029,631.4346914303877,6.809792455562875,906.6826104866392,3.9207708835601807
188,9.66183574879227e-06,6.4461604425323875,630.2776537483318,6.811045071310248,907.819047012955,3.9198405742645264
189,9.615384615384616e-06,6.446130394014678,630.2587151236313,6.8102727409236685,907.1181814621503,3.9186949729919434
190,9.569377990430622e-06,6.446721440425758,630.6313373829342,6.809915148522243,906.7938608840075,3.9195966720581055
191,9.523809523809525e-06,6.44181078800316,627.5421173291346,6.809614075116874,906.5208904624732,3.9207301139831543
192,9.47867298578199e-06,6.440417257399006,626.6682272209656,6.809994236496855,906.865580209886,3.9203312397003174
193,9.433962264150942e-06,6.4412345178137524,627.180587693701,6.810291924752479,907.1355836289744,3.9203412532806396
194,9.389671361502347e-06,6.441317323349065,627.232523868274,6.809542112114015,906.4556568442728,3.926936149597168
195,9.345794392523363e-06,6.439737335090474,626.2422863329946,6.808877408997087,905.8533331492066,3.926511287689209
196,9.302325581395349e-06,6.440241067910911,626.5578245929828,6.807598157362505,904.6952596837017,3.9232659339904785
197,9.259259259259259e-06,6.438560260314286,625.5055859947216,6.808314110621933,905.3432111274578,3.927201509475708
198,9.216589861751152e-06,6.43838629497479,625.3967791676797,6.808252531634874,905.2874627260587,3.920574903488159
199,9.174311926605506e-06,6.435794407922311,623.7779202091547,6.808072610334917,905.1245968808865,3.919398307800293
200,9.132420091324201e-06,6.435217510681807,623.4181682282389,6.808627179831513,905.626690582993,3.9223036766052246
201,9.090909090909091e-06,6.434007207109181,622.6640994101333,6.8077616691589355,904.8432001255089,3.919372320175171
202,9.049773755656109e-06,6.434779264589236,623.1450175099642,6.807660619089426,904.7517702768154,3.9198193550109863
203,9.009009009009008e-06,6.430486294742306,620.4756086850016,6.808463321244421,905.4783080302511,3.919740915298462
204,8.968609865470853e-06,6.433930686001102,622.6164542862379,6.808778687942127,905.7639107665276,3.955615520477295
205,8.928571428571428e-06,6.432905941255103,621.9787581396271,6.8079280577415275,904.9937682291052,3.965977191925049
206,8.88888888888889e-06,6.430604414469183,620.5489034231252,6.808247723855263,905.2831103139154,3.9468014240264893
207,8.849557522123894e-06,6.43021303553438,620.3060811751662,6.807775087593016,904.8553417858037,3.9199702739715576
208,8.81057268722467e-06,6.42939459223604,619.7986035192799,6.808394262613344,905.415779096935,3.9205684661865234
209,8.771929824561403e-06,6.427909943167232,618.8791028365283,6.806939968392869,904.0999951626565,3.9550132751464844
210,8.733624454148471e-06,6.426764266378378,618.1704734209494,6.807194047722935,904.3297374688898,3.9562840461730957
211,8.695652173913044e-06,6.423027160955601,615.8646164913692,6.808050293567752,905.1043976513944,3.9432690143585205
212,8.658008658008657e-06,6.427237818476468,618.4632786694128,6.808045292688796,905.0998713451767,3.922983169555664
213,8.620689655172412e-06,6.424488661115261,616.7653607853341,6.808295778006562,905.3266139707241,3.919971227645874
214,8.583690987124463e-06,6.42308624783299,615.9010070835449,6.80814497924048,905.1901021276042,3.9199626445770264
215,8.547008547008546e-06,6.42305137568789,615.8795296687422,6.808451191452909,905.4673248337685,3.9203755855560303
216,8.510638297872341e-06,6.422673746444636,615.6469994558856,6.807678939882389,904.7683461985227,3.919809341430664
217,8.47457627118644e-06,6.419186394818351,613.50376117597,6.807823303317235,904.8989710932226,3.9200634956359863
218,8.438818565400844e-06,6.419497159622258,613.6944461795674,6.806647789379782,903.8358747054441,3.9201176166534424
219,8.403361344537815e-06,6.419534422911288,613.71731487917,6.806969993370624,904.1271411524261,3.927543878555298
220,8.368200836820084e-06,6.417925503120913,612.7306868610714,6.806219443802006,903.4488035115145,3.9267501831054688
221,8.333333333333334e-06,6.416484458252084,611.8483503447397,6.8064554584913015,903.6620558645235,3.920759677886963
222,8.298755186721992e-06,6.416568399191926,611.8997116259352,6.806873073262617,904.0395172985791,3.9212441444396973
223,8.264462809917356e-06,6.414986968552094,610.932799427269,6.80692467413658,904.08616773136,3.9201772212982178
224,8.23045267489712e-06,6.414923926177455,610.8942859868499,6.807555565164109,904.6567275443036,3.9200897216796875
225,8.196721311475409e-06,6.415162967305327,611.0403323008253,6.808362870176961,905.3873563358219,3.9191396236419678
226,8.16326530612245e-06,6.414885645362952,610.8709009036104,6.808470170359966,905.4845097770445,3.919752836227417
227,8.130081300813007e-06,6.413862873453951,610.2464387017744,6.808724482197407,905.7148144898665,3.9202330112457275
228,8.097165991902834e-06,6.4138997139337235,610.2689208874805,6.80803055014492,905.0865279689696,3.9215304851531982
229,8.064516129032258e-06,6.4114637837389505,608.7841575203034,6.807719411928792,904.8049647660234,3.925280809402466
230,8.032128514056224e-06,6.410865258556579,608.4198938927501,6.808458856314667,905.4742651422378,3.921710252761841
231,8e-06,6.4100551654340885,607.927216705265,6.809098216127758,906.0533741089307,3.9196019172668457
232,7.96812749003984e-06,6.409786750318666,607.7640617488325,6.809204215845786,906.1494206014652,3.9190661907196045
233,7.936507936507936e-06,6.408502875888808,606.9842696952187,6.809130093282905,906.0822569732576,3.9206666946411133
234,7.90513833992095e-06,6.4071579192329375,606.1684509051178,6.809135787743182,906.0874166373688,3.919539451599121
235,7.874015748031496e-06,6.407241308842606,606.2190011632857,6.809410741506529,906.3365830355441,3.919034719467163
236,7.84313725490196e-06,6.405760666843136,605.3220720286221,6.808882063085383,905.857549080413,3.920452356338501
237,7.8125e-06,6.403793528970219,604.1324904744894,6.808989576071747,905.9549457663458,3.920827865600586
238,7.782101167315174e-06,6.403649086195,604.0452342028861,6.808808768091123,905.7911566896978,3.9227123260498047
239,7.751937984496124e-06,6.402822853055635,603.546358135062,6.809669904472414,906.5715023523722,3.9437689781188965
240,7.722007722007722e-06,6.402270148035794,603.21286720276,6.8094610734419385,906.3822018579331,3.955397844314575
241,7.692307692307692e-06,6.402990776274849,603.647716092404,6.808585320622468,905.5887825594408,3.9520108699798584
242,7.662835249042145e-06,6.401996967823209,603.0481038895265,6.808236330993904,905.2727966077009,3.9209840297698975
243,7.633587786259541e-06,6.399402069124541,601.4852837064765,6.808517515166732,905.527380781041,3.920079231262207
244,7.604562737642586e-06,6.398682781759762,601.052798501024,6.80814614965896,905.1911615794471,3.921189546585083
245,7.575757575757576e-06,6.399254894256591,601.3967667031723,6.80808321109488,905.1341919403322,3.919973850250244
246,7.5471698113207555e-06,6.400568079232146,602.187030669373,6.807918434300698,904.9850591170318,3.920823812484741
247,7.518796992481203e-06,6.394977436147534,598.8298111629613,6.808354373805779,905.3796638614575,3.920287609100342
248,7.49063670411985e-06,6.399227623673467,601.380366486278,6.808254324700221,905.2890859670923,3.9202351570129395
249,7.462686567164179e-06,6.3947717670719,598.7066630535502,6.808758286405201,905.7454319791547,3.9197707176208496
250,7.434944237918215e-06,6.394045354163698,598.2719127285228,6.809169749583095,906.1181895557093,3.919718027114868
251,7.4074074074074075e-06,6.391095900637909,596.5099372358857,6.808568844125291,905.5738617513429,3.919257164001465
252,7.380073800738008e-06,6.396124719447844,599.5172328633528,6.807964226431098,905.0265012597233,3.921248197555542
253,7.352941176470588e-06,6.392752978934751,597.499220340137,6.808554645412224,905.5610038592022,3.9201323986053467
254,7.326007326007326e-06,6.3939880710814645,598.2376428508996,6.807561318736431,904.6619325671855,3.9225950241088867
255,7.2992700729927e-06,6.390460077375813,596.1307828920691,6.8081158527658,905.1637375149699,3.9269397258758545
256,7.272727272727273e-06,6.389299173723475,595.4391340354581,6.808274497670576,905.3073485211903,3.9267685413360596
257,7.2463768115942025e-06,6.392472042443926,597.3313845826025,6.808654966433187,905.6518552207276,3.9216134548187256
258,7.2202166064981945e-06,6.389234754455959,595.4007775180559,6.808442092138874,905.459085739716,3.9217042922973633
259,7.194244604316547e-06,6.387727612998864,594.5041002021816,6.808592067277136,905.5948922748379,3.920868396759033
260,7.168458781362007e-06,6.3877356439189334,594.5088746362628,6.808609473803812,905.6106556736805,3.920764923095703
261,7.1428571428571436e-06,6.386566932006967,593.8144708907099,6.807822404814161,904.8981580390802,3.9199893474578857
262,7.1174377224199285e-06,6.38719287430268,594.1862808374929,6.807802160909353,904.8798395523278,3.9188690185546875
263,7.092198581560283e-06,6.386393216751165,593.7113252172479,6.807732980113384,904.8172414100907,3.9205431938171387
264,7.06713780918728e-06,6.38489103890284,592.8201347470822,6.8077426981334845,904.8260344849557,3.9177305698394775
265,7.042253521126761e-06,6.385970552387156,593.4604376219282,6.808673271462937,905.6684333566124,3.9199206829071045
266,7.017543859649123e-06,6.383803051224082,592.1755044832386,6.809071544773323,906.0292087605153,3.920724630355835
267,6.993006993006993e-06,6.382420104358329,591.3571232446544,6.808923398167634,905.894993550592,3.9206292629241943
268,6.968641114982578e-06,6.384978656605078,592.8720785606951,6.809284521528512,906.2221924712965,3.9210290908813477
269,6.944444444444445e-06,6.382587759893851,591.4562758513462,6.808603334032799,905.6050954486975,3.923753261566162
270,6.9204152249134946e-06,6.38315573025159,591.7923009010293,6.807965578126513,905.0277245807224,3.960803508758545
271,6.896551724137932e-06,6.3818809681184305,591.0383871176102,6.808065367139076,905.1180409099137,3.955028772354126
272,6.8728522336769755e-06,6.380093173816992,589.9826760355078,6.808895836191729,905.8700256386912,3.9368159770965576
273,6.84931506849315e-06,6.378015038486202,588.7578852731489,6.8086909104969875,905.6844086138402,3.9195799827575684
274,6.825938566552901e-06,6.379198497150077,589.4550683557084,6.808087597208575,905.1381619705134,3.965658664703369
275,6.802721088435374e-06,6.377566727241222,588.4939976489244,6.807998598114518,905.0576090787226,3.966330051422119
276,6.779661016949153e-06,6.379146228839399,589.4242593402396,6.808315174638732,905.3441744283559,3.9447567462921143
277,6.756756756756757e-06,6.378935323968977,589.2999600013284,6.808128419986441,905.1751129788543,3.9199953079223633
278,6.734006734006733e-06,6.377935535611001,588.7110791891059,6.808615412593873,905.6160339212122,3.9215009212493896
279,6.7114093959731546e-06,6.375673223258088,587.3807362354064,6.808988839141594,905.9542781410747,3.9204466342926025
280,6.688963210702341e-06,6.372629597054019,585.5956867245759,6.809748953038996,906.6431683626479,3.920302629470825
281,6.666666666666667e-06,6.373561116247218,586.1414344940115,6.808758116950673,905.7452784965031,3.9201858043670654
282,6.644518272425249e-06,6.374912840716317,586.934271941539,6.808986486482226,905.9521467417627,3.9206016063690186
283,6.62251655629139e-06,6.372380229638882,585.449676447721,6.809378044664367,906.3069491758125,3.9200901985168457
284,6.600660066006601e-06,6.373029077308884,585.8296673709684,6.809510093089963,906.426633483446,3.9213709831237793
285,6.578947368421052e-06,6.370253736471414,584.2060444669526,6.808520998836549,905.5305353449411,3.927337169647217
286,6.557377049180328e-06,6.37229607545255,585.4004104795592,6.80864488191841,905.6427222072628,3.9282681941986084
287,6.5359477124183e-06,6.370699586581774,584.4665708698986,6.8083783811774135,905.40139990843,3.924161672592163
288,6.514657980456026e-06,6.369438353116932,583.7298867346321,6.809567549997125,906.4787154505951,3.920095205307007
289,6.493506493506494e-06,6.369602996596963,583.8260019667382,6.809594918873684,906.5035250941668,3.921072483062744
290,6.472491909385113e-06,6.370277039278219,584.2196582661603,6.809435651322041,906.3591599938125,3.920257568359375
291,6.451612903225806e-06,6.370870339307662,584.5663786510477,6.810141196920852,906.998863353496,3.9203741550445557
292,6.430868167202572e-06,6.36869028156919,583.2933783049241,6.811333593258188,908.0810105220694,3.9189062118530273
293,6.41025641025641e-06,6.366371578003715,581.9424606629616,6.810924325107543,907.7094379278578,3.920250415802002
294,6.3897763578274765e-06,6.367927137055622,582.8484109722547,6.810788261003731,907.5859396586961,3.920161724090576
295,6.369426751592357e-06,6.36627852190206,581.8883098857536,6.810696377241907,907.5025510794686,3.9196176528930664
296,6.349206349206349e-06,6.365671401371772,581.5351407654475,6.810735655225013,907.538196649377,3.9194233417510986
297,6.329113924050633e-06,6.364445335568276,580.8225773299171,6.810711738491847,907.5164915600479,3.9207985401153564
298,6.309148264984227e-06,6.364110017539094,580.6278496976497,6.8106210015036845,907.4341499826661,3.920836925506592
299,6.289308176100629e-06,6.363960030355167,580.5407694921846,6.811134917676942,907.9006149201792,3.9208099842071533
300,6.269592476489028e-06,6.361576725382662,579.1588112576213,6.810578267436382,907.3953724591946,3.943352699279785
