epoch,lr,train_loss,train_ppl,val_loss,val_ppl,time
1,5e-05,7.746279762703191,2312.951659896306,6.839449042179545,933.974412440457,17.695146799087524
2,4.761904761904762e-05,7.020845815207087,1119.7333047859713,6.53039330732627,685.6678366491004,17.613214015960693
3,4.545454545454545e-05,6.794397785160594,892.8314213396623,6.380130474684669,590.0046833116807,17.639402866363525
4,4.347826086956522e-05,6.6601750928378225,780.6876179710199,6.2765425658616865,531.9463114179272,17.607902765274048
5,4.166666666666667e-05,6.564850846858213,709.7060334176134,6.199001710922992,492.2573805583289,17.594664335250854
6,4e-05,6.488696170303057,657.6653203905419,6.133424344609995,461.0121252032084,17.607208967208862
7,3.846153846153846e-05,6.4260518559051825,617.7302391338416,6.07919927894092,436.67939630291613,17.643441200256348
8,3.7037037037037037e-05,6.371865878996677,585.1486274596685,6.033418522506464,417.13859242099977,17.607924938201904
9,3.571428571428572e-05,6.325189477583557,558.4636199779243,5.993169284257733,400.68247641607013,17.61942958831787
10,3.4482758620689657e-05,6.284591799943771,536.2453505726089,5.957366157750615,386.5905635866374,17.63512897491455
11,3.3333333333333335e-05,6.2465029126784,516.2044524475263,5.925143581921937,374.3321788355638,17.616801738739014
12,3.2258064516129034e-05,6.2123160431765365,498.85528475361343,5.896062155238917,363.60283352242254,17.592310667037964
13,3.125e-05,6.181605853919917,483.7681939744857,5.869754611468706,354.1620622955581,17.605533599853516
14,3.0303030303030306e-05,6.152110107971505,469.7074753061239,5.845402932557904,345.6417840547418,17.639772415161133
15,2.941176470588235e-05,6.12647285224234,457.8185159690237,5.824093654507497,338.3543281431132,17.615203619003296
16,2.8571428571428574e-05,6.102444910880427,446.9491862596883,5.804238440560513,331.70248597062556,17.61478066444397
17,2.777777777777778e-05,6.080345895646162,437.1803873610212,5.786324915338735,325.81342948261766,17.633739709854126
18,2.7027027027027027e-05,6.059176887492577,428.02298075474874,5.769340976339872,320.3265602890111,17.630624055862427
19,2.6315789473684212e-05,6.040583931152448,420.1382951110149,5.753889283195871,315.4150161309969,17.59242534637451
20,2.564102564102564e-05,6.022446871621735,412.58690881592554,5.739604226878432,310.9413244072357,17.596816062927246
21,2.5e-05,6.006080705551095,405.8893987230081,5.725738611377653,306.65968394698615,17.651386976242065
22,2.439024390243903e-05,5.9902057148784555,399.4967839069597,5.713498842520792,302.9291175067245,17.607165813446045
23,2.380952380952381e-05,5.9752942526115564,393.58389714321595,5.701524926013634,299.32349931115266,17.622979640960693
24,2.325581395348837e-05,5.960891652884246,387.95589205254936,5.689988828096234,295.8903149638945,17.624780654907227
25,2.2727272727272726e-05,5.947473126455605,382.7848670195701,5.6797884683139985,292.88746838937067,17.636022567749023
26,2.2222222222222223e-05,5.935998762042404,378.4177567854093,5.670003418062554,290.03552574961026,17.590996026992798
27,2.173913043478261e-05,5.923058887288664,373.5526234011251,5.660063516898234,287.1668819264094,17.603235483169556
28,2.1276595744680852e-05,5.910956657566706,369.0590497154104,5.651342173091701,284.6732903595394,17.638973712921143
29,2.0833333333333333e-05,5.90078651475661,365.324688157213,5.64282072958399,282.2577694768612,17.621959686279297
30,2.0408163265306123e-05,5.8896261615164285,361.2702024198109,5.634889336883044,280.02792683246275,17.614014387130737
31,2e-05,5.879426157903916,357.60397460467766,5.627098556424751,277.8547670296604,17.645386219024658
32,1.9607843137254906e-05,5.869774874855683,354.16923889118954,5.619321991185673,275.7023911994574,17.630388975143433
33,1.923076923076923e-05,5.860211180986303,350.7982181118124,5.612244551299049,273.75801282585036,17.61178970336914
34,1.8867924528301885e-05,5.8518733336218025,347.88547598747317,5.605851470446978,272.01343826101686,17.607475519180298
35,1.8518518518518518e-05,5.843215671657084,344.8866014865147,5.598999238405072,270.1559104374208,17.647064685821533
36,1.8181818181818182e-05,5.834623928135501,341.936117314044,5.593090194170593,268.5642544266194,17.608327627182007
37,1.785714285714286e-05,5.826570490007744,339.19341486564844,5.587303286693135,267.0145861526052,17.609089136123657
38,1.7543859649122806e-05,5.819822342072711,336.91219319096723,5.5815917390291805,265.49386658202445,17.631652355194092
39,1.7241379310344825e-05,5.812146282932157,334.3359356732099,5.575852468365529,263.9744896504855,17.631015062332153
40,1.694915254237288e-05,5.804444718320005,331.7709158737905,5.570533920506962,262.5742556004374,17.595908641815186
41,1.6666666666666667e-05,5.798113611509216,329.67707393110777,5.565539379588893,261.2660873062475,17.619988918304443
42,1.6393442622950818e-05,5.791644461976929,327.551227266326,5.560488239663546,259.94972311019933,17.6370792388916
43,1.6129032258064517e-05,5.784324784630567,325.16241131492484,5.555460894694094,258.6461456896761,17.60899806022644
44,1.5873015873015876e-05,5.7786564144016745,323.32448432948723,5.551308276223355,257.5743139221406,17.628976583480835
45,1.5625e-05,5.771978900117694,321.1726728386227,5.547253534442088,256.5320311115374,17.62484908103943
46,1.5384615384615384e-05,5.7659497919458875,319.2421136752697,5.542778706941449,255.38665910624957,17.624473094940186
47,1.5151515151515151e-05,5.761153484494977,317.7145964961396,5.538643962047139,254.3328804756346,17.593339681625366
48,1.4925373134328359e-05,5.755278887102575,315.8536227437978,5.5347206592559814,253.33701040309325,17.604625701904297
49,1.4705882352941175e-05,5.74921798133523,313.9450533721664,5.530897398464015,252.3702861411253,17.642717361450195
50,1.4492753623188405e-05,5.744502402496992,312.46810579036315,5.527227823851539,251.4458916507427,17.60961365699768
51,1.4285714285714287e-05,5.739227583232506,310.8242323855091,5.523577334450894,250.52966444476365,17.610636949539185
52,1.4084507042253522e-05,5.734852167181862,309.4672179664551,5.520307216487947,249.7117409708177,17.611182928085327
53,1.388888888888889e-05,5.72966076088606,307.8648108747229,5.516804820201436,248.83868128950513,17.629708528518677
54,1.36986301369863e-05,5.723953980728856,306.11289772710904,5.513455390930176,248.00660798980178,17.592121362686157
55,1.3513513513513513e-05,5.7210055031457445,305.2116600027835,5.51039912661568,247.24979134899235,17.60916781425476
56,1.3333333333333333e-05,5.716144281635971,303.7315589803541,5.5073651485755795,246.50077773161064,17.649791717529297
57,1.3157894736842104e-05,5.711681381097993,302.3790555314356,5.50438859423653,245.76814567256068,17.615852117538452
58,1.2987012987012988e-05,5.706852188650167,300.922329117219,5.501180422110636,244.98094257488094,17.618524312973022
59,1.282051282051282e-05,5.70293749953216,299.7466145300732,5.498079530528335,244.22245982637898,17.650155782699585
60,1.2658227848101267e-05,5.698574080475403,298.4415437959393,5.495309153541189,243.54680788136685,17.63113808631897
61,1.25e-05,5.694481253010536,297.2225702745965,5.4925803395568344,242.88311989854145,17.6084725856781
62,1.2345679012345677e-05,5.690250703033002,295.96781136815616,5.490201696020658,242.30607410055154,17.605454921722412
63,1.2195121951219515e-05,5.685783504826332,294.64861324553425,5.487132353860824,241.56349405083628,17.63486933708191
64,1.2048192771084337e-05,5.682290793283112,293.62128575651445,5.48465898779572,240.9667573804116,17.607203245162964
65,1.1904761904761905e-05,5.679634683128082,292.84243009879157,5.482410821758333,240.4256325974242,17.629390716552734
66,1.1764705882352942e-05,5.675620456911483,291.6692506178563,5.480094917484971,239.8694741009609,17.638097524642944
67,1.1627906976744185e-05,5.671988842622289,290.61194143120645,5.477386654400434,239.2207233495337,17.641605854034424
68,1.149425287356322e-05,5.669202548970898,289.8033382498616,5.475025751551644,238.65661262961376,17.587932109832764
69,1.1363636363636363e-05,5.665081173028177,288.6114076277256,5.47296977434002,238.166444132937,17.628264904022217
70,1.1235955056179776e-05,5.660903496766785,287.40819766213366,5.470329761505127,237.53851090418408,17.61999225616455
71,1.1111111111111112e-05,5.659111116599055,286.8935143005165,5.468329800934088,237.06391799002154,17.60587739944458
72,1.0989010989010989e-05,5.655677033533976,285.9099878638706,5.466030085673098,236.519364878538,17.62058997154236
73,1.0869565217391305e-05,5.651544432697329,284.7308740902155,5.464125777854294,236.06938778613159,17.647072792053223
74,1.075268817204301e-05,5.649180924708397,284.0587050459649,5.46209662468707,235.59085251509703,17.633747339248657
75,1.0638297872340426e-05,5.645315840968137,282.9629133912234,5.4599629738291755,235.08871976899354,17.597912311553955
76,1.0526315789473684e-05,5.64308250461598,282.33166718536086,5.4579293610619715,234.61112613189854,17.599446535110474
77,1.0416666666666666e-05,5.6396137707024865,281.35403031787365,5.455771028018389,234.10530324945714,17.632189750671387
78,1.0309278350515465e-05,5.636265270092475,280.41349175151885,5.453991764881572,233.68913865620215,17.604767322540283
79,1.0204081632653061e-05,5.634139556214086,279.8180459982837,5.452257265810107,233.2841563844107,17.626914024353027
80,1.0101010101010101e-05,5.631155110959532,278.98418927755625,5.450062185037331,232.77264043294295,17.63641619682312
81,1e-05,5.627775811412936,278.0430092934331,5.448428662096868,232.3927113807782,17.634753227233887
82,9.900990099009901e-06,5.625400669169876,277.3834012382379,5.446741940545254,232.00105998233659,17.590455055236816
83,9.803921568627451e-06,5.622348695840067,276.5381250318595,5.444779966698318,231.54632620394884,17.596048831939697
84,9.70873786407767e-06,5.620041457498462,275.9008211555556,5.443161190533247,231.17180774254285,17.644863843917847
85,9.615384615384616e-06,5.617796136829906,275.2820302912697,5.441421074945419,230.76989186787975,17.62974715232849
86,9.523809523809525e-06,5.614521525122902,274.38206285829807,5.439801395916548,230.39642124643885,17.62020182609558
87,9.433962264150944e-06,5.612145148664968,273.73080191071557,5.438086349456037,230.00161932825398,17.642871618270874
88,9.345794392523363e-06,5.610212586551751,273.20231096899175,5.436484098434448,229.63339407214056,17.63138484954834
89,9.259259259259259e-06,5.606717620869239,272.2491448793851,5.434940873599444,229.27929141574467,17.59711217880249
90,9.174311926605506e-06,5.605009658054463,271.78455033162277,5.433388686570965,228.9236831303911,17.606337785720825
91,9.090909090909091e-06,5.602646215906683,271.14296174765576,5.43174937123158,228.5487124566487,17.643534898757935
92,9.00900900900901e-06,5.599643347807241,270.32997645214556,5.430356995004122,228.23070810483452,17.607300519943237
93,8.928571428571428e-06,5.596851083467591,269.5761965650612,5.428944024883333,227.90845265591093,17.6304030418396
94,8.849557522123894e-06,5.595400909207902,269.18554742690134,5.427178621292114,227.50645720163897,17.641019582748413
95,8.771929824561403e-06,5.593073197539838,268.55968977794504,5.425903453201544,227.21653311727323,17.636773109436035
96,8.695652173913044e-06,5.591389447501757,268.1078828617504,5.424501614492447,226.89823533900133,17.576170682907104
97,8.620689655172412e-06,5.588751951989751,267.40168123516355,5.422938147529226,226.54376461787317,17.61440396308899
98,8.547008547008546e-06,5.586768633709968,266.87186416433775,5.421709342081039,226.26555737195446,17.637600898742676
99,8.47457627118644e-06,5.5830303641167145,265.8760875895192,5.420309758577191,225.949101335349,17.610432624816895
100,8.403361344537815e-06,5.581638352948642,265.5062425801834,5.418931918066056,225.63799388751542,17.62534999847412
101,8.333333333333334e-06,5.579922851526512,265.05115670529335,5.417526827483881,225.32117469927624,17.628809452056885
102,8.264462809917356e-06,5.5781803940826995,264.5897184792869,5.416172774111638,225.01628426837877,17.62214946746826
103,8.196721311475409e-06,5.575774063581464,263.95379359897106,5.415159237189371,224.7883374919119,17.58008575439453
104,8.130081300813007e-06,5.5735008193125655,263.3544436429466,5.413586127953451,224.43499887506343,17.613484859466553
105,8.064516129032258e-06,5.570776248673427,262.6378924485469,5.412551363960642,224.2028817334428,17.63824963569641
106,8e-06,5.5701926273915205,262.4846561054238,5.411196974457288,223.8994292466198,17.593805074691772
107,7.936507936507936e-06,5.567166301030442,261.69149266235036,5.410181702160444,223.67222571506866,17.617887496948242
108,7.874015748031496e-06,5.565997702793233,261.38585906155777,5.408793508029375,223.36194066182156,17.634888172149658
109,7.8125e-06,5.563570384095914,260.75216168252996,5.407488002151739,223.0705305956131,17.634136199951172
110,7.751937984496124e-06,5.561091134724037,260.10649276731573,5.4063800241126385,222.8235102183897,17.59489941596985
111,7.692307692307692e-06,5.559527218853017,259.70002601786763,5.40514015369728,222.5474091403731,17.608323097229004
112,7.633587786259541e-06,5.557745225229149,259.2376543214481,5.404193170735093,222.33676029181566,17.648268222808838
113,7.575757575757576e-06,5.556261695269655,258.8533526266551,5.402625623296519,221.9885098935395,17.63176918029785
114,7.518796992481203e-06,5.554426561702382,258.3787577559294,5.4016746341205035,221.77750157264822,17.60718297958374
115,7.462686567164179e-06,5.5525796163961365,257.9019867425816,5.400237712703768,221.45905357805287,17.64063596725464
116,7.4074074074074075e-06,5.550681240153763,257.41285616192073,5.399451126817797,221.2849255045085,17.633904695510864
117,7.352941176470588e-06,5.548690253220128,256.9008603863329,5.398035666981682,220.9719271506767,17.599699020385742
118,7.2992700729927e-06,5.546684506009005,256.3860986156458,5.397198337023376,220.7869781785924,17.600069046020508
119,7.2463768115942025e-06,5.544875211208598,255.92263997360897,5.39608292892331,220.54084788812096,17.635958909988403
120,7.194244604316547e-06,5.543639526563484,255.606595602859,5.394849050240438,220.26889505011727,17.608505487442017
121,7.1428571428571436e-06,5.541807504297325,255.13874731343265,5.393960976209796,220.07336679929668,17.62117314338684
122,7.092198581560283e-06,5.5397343382009305,254.6103502293409,5.392796336627398,219.81720983951175,17.604961156845093
123,7.042253521126761e-06,5.538098931517037,254.1942990599482,5.391804972632986,219.59939895509783,17.622257471084595
124,6.993006993006993e-06,5.536343289893855,253.74841648767242,5.390829441977329,219.38527746747167,17.592111110687256
125,6.944444444444445e-06,5.535120024280319,253.43820454977498,5.389821056459771,219.16416403343678,17.614755153656006
126,6.896551724137932e-06,5.533115172263484,252.93060745279305,5.388919462923144,218.9666560890061,17.62477397918701
127,6.84931506849315e-06,5.531731160999776,252.58079077409278,5.387889846426542,218.7413204322525,17.60309410095215
128,6.802721088435374e-06,5.53033465586641,252.22830658346325,5.387172034529389,218.58436165022732,17.618510723114014
129,6.756756756756757e-06,5.527312654982709,251.46722299492782,5.385908244086093,218.3082913071947,17.642012119293213
130,6.7114093959731546e-06,5.527030959955415,251.39639590497043,5.384985216328355,218.10687966314268,17.628535985946655
131,6.666666666666667e-06,5.525989928744465,251.13482058817104,5.383922221230679,217.87515630151,17.586031675338745
132,6.62251655629139e-06,5.523601291110135,250.53566637045734,5.383126039974025,217.7017572234799,17.605016708374023
133,6.578947368421052e-06,5.521651230790807,250.04758275980376,5.382212447338417,217.50295732621007,17.6073055267334
134,6.5359477124183e-06,5.520244194753787,249.69600419974606,5.381211706849395,217.28540218660666,17.603528022766113
135,6.493506493506494e-06,5.518558784373629,249.2755184074795,5.380067766689863,217.03698280450917,17.61656165122986
136,6.451612903225806e-06,5.51801640091793,249.14035214966918,5.379303388908261,216.87114794538277,17.628437995910645
137,6.41025641025641e-06,5.515344932189732,248.47566972443144,5.378531330921611,216.7037754624824,17.637914419174194
138,6.369426751592357e-06,5.514705170489093,248.3167553464877,5.377669017823016,216.51698950394976,17.595144271850586
139,6.329113924050633e-06,5.513218151766481,247.94777808818586,5.376915966878172,216.35400255686852,17.612560510635376
140,6.289308176100629e-06,5.512175863848338,247.68947974875707,5.376021217127315,216.1605064451918,17.63536524772644
141,6.25e-06,5.5103644265523295,247.24121191442342,5.375103047636689,215.96212555067476,17.622913122177124
142,6.2111801242236025e-06,5.5089452066307,246.8905711380688,5.374357235236246,215.80111836745328,17.603877305984497
143,6.172839506172838e-06,5.507714626515096,246.58693937042054,5.373353211606135,215.58455767942422,17.640203952789307
144,6.134969325153374e-06,5.506776021643323,246.35560025280705,5.372458747175873,215.3918111761627,17.633821964263916
145,6.097560975609757e-06,5.504812354697985,245.87231456515204,5.371856505753564,215.26213235834345,17.611143112182617
146,6.060606060606061e-06,5.503325787048602,245.50708027643992,5.370990694546308,215.07583665174297,17.614322423934937
147,6.024096385542168e-06,5.502057044829145,245.1957925921881,5.370117793317701,214.88817860507123,17.646849632263184
148,5.988023952095808e-06,5.501085001649415,244.95756749559817,5.369281041817587,214.70844580559813,17.60762071609497
149,5.9523809523809525e-06,5.49938943251124,244.54257692601476,5.368424423405381,214.52460135117934,17.63156294822693
150,5.91715976331361e-06,5.498117069028458,244.23162774329114,5.36787305503595,214.406351874036,17.62909197807312
151,5.882352941176471e-06,5.4962008535146305,243.76407541781828,5.366893021786799,214.19632945165867,17.62928342819214
152,5.8479532163742686e-06,5.49574059646698,243.65190709925298,5.366198285681302,214.0475712077685,17.604239225387573
153,5.813953488372093e-06,5.494005347606862,243.22947702184635,5.365610783217384,213.92185466529335,17.630054712295532
154,5.780346820809249e-06,5.492239495697807,242.8003487854767,5.364909222868622,213.77182820678738,17.640966415405273
155,5.74712643678161e-06,5.492266121695831,242.8068136731504,5.364081836137616,213.59502938325232,17.59847664833069
156,5.7142857142857145e-06,5.490334887856275,242.33834944070048,5.363433071824371,213.4565014915371,17.621899127960205
157,5.6818181818181815e-06,5.489351417351751,242.1001339800504,5.362711992420134,213.30263788521663,17.65671181678772
158,5.649717514124293e-06,5.488272826013189,241.83914764657598,5.361816804917132,213.1117774700994,17.601632356643677
159,5.617977528089888e-06,5.48721154067365,241.58262345141344,5.361063148154587,212.9512248462159,17.596969604492188
160,5.58659217877095e-06,5.4864871976306056,241.4076981194178,5.360430045206039,212.8164474663489,17.6199471950531
161,5.555555555555556e-06,5.483684636716368,240.73208550523304,5.359724611532493,212.6663725182063,17.644922971725464
162,5.524861878453038e-06,5.484375783550596,240.898524234202,5.3589803156305535,212.50814470012347,17.582726001739502
163,5.494505494505495e-06,5.482728716439694,240.50207477692715,5.358169774540135,212.33596790440572,17.619768142700195
164,5.46448087431694e-06,5.480915392651566,240.06636180737675,5.357571594050674,212.20899065263788,17.64229989051819
165,5.434782608695652e-06,5.4798365277246175,239.80750229181712,5.356877987502052,212.06185214106122,17.64590620994568
166,5.405405405405406e-06,5.47911743847829,239.63512128182364,5.35631223975635,211.94191255723678,17.590141534805298
167,5.376344086021505e-06,5.477590659879288,239.2695306660631,5.355672480630093,211.8063641482311,17.62190818786621
168,5.347593582887701e-06,5.476015943196789,238.89304545108251,5.354937283719172,211.65070199177566,17.62645959854126
169,5.319148936170213e-06,5.4759952322696535,238.8880978058602,5.35442988598933,211.54333814645454,17.62338089942932
170,5.291005291005291e-06,5.474448764303741,238.51895052595714,5.3536609469867145,211.3807367463013,17.61706304550171
171,5.263157894736842e-06,5.47268583067081,238.09882787896512,5.352922650634265,211.22473271507332,17.63491129875183
172,5.235602094240837e-06,5.471837815453217,237.8970020374201,5.352413118862715,211.1171344175212,17.627604484558105
173,5.208333333333334e-06,5.470390502625428,237.55293969765705,5.351743119661926,210.9757334807355,17.594210147857666
174,5.1813471502590676e-06,5.469648067170105,237.37663742733596,5.3510703376082125,210.8338405303481,17.60794711112976
175,5.154639175257732e-06,5.468237163272158,237.0419579601096,5.350538816608366,210.72180769316836,17.62669086456299
176,5.128205128205129e-06,5.4675390519981315,236.87653404570864,5.349772930145264,210.5604805002183,17.611467599868774
177,5.102040816326531e-06,5.466598799052819,236.65391486246907,5.349180096485576,210.4356901535914,17.62419319152832
178,5.076142131979696e-06,5.4662006465689394,236.55970927378587,5.348576158773704,210.30863847389602,17.62504816055298
179,5.050505050505051e-06,5.464446694732326,236.14515859447408,5.3478907444437995,210.16453930884106,17.62418293952942
180,5.025125628140703e-06,5.463174681311815,235.84496974615118,5.347415658294177,210.06471676110615,17.586402654647827
181,5e-06,5.461843102096898,235.53113248245515,5.346820366187174,209.93970410647344,17.606643676757812
182,4.975124378109453e-06,5.462072536017024,235.58517751313678,5.3462454100124175,209.81903267098858,17.638408184051514
183,4.950495049504951e-06,5.46059017361335,235.2362136125129,5.345624935431559,209.6888856752626,17.607208251953125
184,4.926108374384236e-06,5.459313514506633,234.93608877749006,5.345122900165495,209.5836408802618,17.615771770477295
185,4.901960784313726e-06,5.459490222750969,234.97760758951938,5.344420468220945,209.43647432914693,17.644670724868774
186,4.8780487804878055e-06,5.45710652606565,234.41815928761466,5.343912062097768,209.33002260582833,17.625860929489136
187,4.854368932038835e-06,5.456141769170352,234.19211181002308,5.3431934958598655,209.17965914852613,17.597132444381714
188,4.830917874396135e-06,5.455720703965803,234.0935224182979,5.342624726842661,209.06071806758044,17.596373558044434
189,4.807692307692308e-06,5.4542809027545855,233.75671680593007,5.342041211050065,208.9387634216677,17.636491060256958
190,4.784688995215311e-06,5.453733455255551,233.6287822978406,5.34160771135424,208.84820816053565,17.579455614089966
191,4.761904761904762e-06,5.452862495419092,233.42538959811188,5.34117317199707,208.75747510938407,17.612274885177612
192,4.739336492890995e-06,5.451410368008229,233.08667218142818,5.340487632595125,208.61441267781575,17.64195966720581
193,4.716981132075471e-06,5.450419471766896,232.8558218673018,5.339949088018448,208.50209476406778,17.632269144058228
194,4.6948356807511736e-06,5.4497767079551265,232.70619866298762,5.339443765702795,208.39676061881147,17.598954439163208
195,4.672897196261682e-06,5.44948610474274,232.6385833192078,5.338983051112441,208.30077130414875,17.615177154541016
196,4.651162790697674e-06,5.448455112058139,232.39885824028562,5.3384000082485015,208.1793584237829,17.64664125442505
197,4.6296296296296296e-06,5.4465533002163085,231.95729935370517,5.337822288763328,208.05912388627223,17.616361379623413
198,4.608294930875576e-06,5.445681517569933,231.75517112417148,5.337215787074605,207.93297393522712,17.617241621017456
199,4.587155963302753e-06,5.444998653634335,231.5969678977089,5.3369183344919175,207.87113293294308,17.642083168029785
200,4.566210045662101e-06,5.443699683374238,231.29632562903743,5.336368193391894,207.7568059300832,17.628122329711914
201,4.5454545454545455e-06,5.4438253700426475,231.32539832060777,5.335744341865915,207.62723694977657,17.59635639190674
202,4.5248868778280546e-06,5.441787194633156,230.85439673713387,5.3352233308260555,207.51908904272335,17.608163595199585
203,4.504504504504504e-06,5.442246857065689,230.9605362229971,5.334777898475772,207.426673911035,17.63825011253357
204,4.484304932735426e-06,5.440525337925906,230.5632752836212,5.334190544534902,207.30487680917722,17.60933494567871
205,4.464285714285714e-06,5.440031552192073,230.44945453138482,5.333704201901545,207.204080122332,17.637720584869385
206,4.444444444444445e-06,5.439764711092103,230.38796934920185,5.333334672646444,207.1275262982604,17.63936996459961
207,4.424778761061947e-06,5.43838092720529,230.0693826678963,5.332793220144803,207.01540693738093,17.641040325164795
208,4.405286343612335e-06,5.437670892957553,229.90608350770518,5.332281265102449,206.9094514804838,17.598756790161133
209,4.3859649122807014e-06,5.4366365256072315,229.66839910896724,5.331795973855941,206.80906449529328,17.623748064041138
210,4.3668122270742355e-06,5.43480787064567,229.2487986206082,5.3312182309197595,206.68961652757508,17.645195960998535
211,4.347826086956522e-06,5.435050935728881,229.30452777155193,5.330756812799172,206.59426819258843,17.614179372787476
212,4.329004329004329e-06,5.433753382075917,229.0071857942033,5.330242985584697,206.4881417029107,17.62104606628418
213,4.310344827586206e-06,5.433570989409197,228.9654203718574,5.329853053952827,206.40764114073252,17.64504909515381
214,4.2918454935622316e-06,5.4317970864768705,228.55961797470218,5.329351077314283,206.30405532786708,17.598261833190918
215,4.273504273504273e-06,5.431902792605078,228.58377940396582,5.328873208311737,206.20549256664629,17.59070062637329
216,4.255319148936171e-06,5.431419313669614,228.4732906732745,5.32838653345577,206.10516195442523,17.61253070831299
217,4.23728813559322e-06,5.429630239872744,228.06490052463406,5.327991059569062,206.02366886021386,17.63569402694702
218,4.219409282700422e-06,5.429908895165393,228.12846087153483,5.327462786533793,205.91486085402624,17.6089825630188
219,4.201680672268908e-06,5.42900507364224,227.92236660880042,5.327004745358327,205.82056496646283,17.621917963027954
220,4.184100418410042e-06,5.426652997885519,227.38690590481463,5.326508854256302,205.71852568195985,17.64823627471924
221,4.166666666666667e-06,5.4268597722258,227.43392854364168,5.3260881275427145,205.63199260739017,17.63541269302368
222,4.149377593360996e-06,5.425446692707199,227.1127732797846,5.325610016213089,205.53370112100006,17.591331481933594
223,4.132231404958678e-06,5.4260703233257574,227.2544519320486,5.325234530402011,205.45654061977413,17.611214637756348
224,4.11522633744856e-06,5.4245493694194185,226.9090711063884,5.324750763471009,205.35717157733046,17.639333486557007
225,4.098360655737704e-06,5.424645664352496,226.93092235227044,5.324213106124128,205.24678946183386,17.620128393173218
226,4.081632653061225e-06,5.4234225062931385,226.65351965393654,5.3238398950608055,205.17020338157053,17.611757278442383
227,4.065040650406504e-06,5.4218587793575965,226.29937240717737,5.323494989363874,205.0994512116982,17.633691549301147
228,4.048582995951417e-06,5.421556166473834,226.23090166208684,5.323042615515287,205.00669056643744,17.63625454902649
229,4.032258064516129e-06,5.421625720084633,226.24663738540374,5.3226360219423885,204.92335310703777,17.597556829452515
230,4.016064257028112e-06,5.420367518992612,225.96215262622658,5.322101827527656,204.8139134299944,17.609153509140015
231,4e-06,5.419780497281057,225.82954686168452,5.32177185621418,204.7463418629141,17.644598960876465
232,3.98406374501992e-06,5.4192256551255085,225.7042818634817,5.3211402033196125,204.6170540802241,17.601675987243652
233,3.968253968253968e-06,5.4178139860797705,225.38588690231504,5.320696490709899,204.52628305278031,17.629729509353638
234,3.952569169960475e-06,5.417319819203372,225.27453617778605,5.3204277656117425,204.47132909137636,17.629930019378662
235,3.937007874015748e-06,5.417091260029971,225.22305349965228,5.320109125043525,204.40618660996037,17.63108468055725
236,3.92156862745098e-06,5.415289457625427,224.81761143323163,5.319668625221878,204.31616554980118,17.600415229797363
237,3.90625e-06,5.414993382236356,224.7510583243116,5.319136240443245,204.20741968312447,17.628589153289795
238,3.891050583657587e-06,5.414359982999275,224.6087462503732,5.318778561764076,204.13439210395828,17.631251096725464
239,3.875968992248062e-06,5.413480876036001,224.41137790418696,5.318546897075215,204.08710685089895,17.609346866607666
240,3.861003861003861e-06,5.4124402370093,224.17796813502557,5.318080773119067,203.99199912897046,17.615150213241577
241,3.846153846153846e-06,5.412773620203061,224.25271776145547,5.317753959874638,203.92534273458722,17.645622968673706
242,3.8314176245210725e-06,5.411804029503981,224.03538978868696,5.317389159906106,203.85096434341688,17.6320698261261
243,3.816793893129771e-06,5.410780682980912,223.80624122069523,5.316896387788116,203.7505370178883,17.594715118408203
244,3.802281368821293e-06,5.40951386201443,223.5228982921619,5.316708107463649,203.7121784118669,17.617252111434937
245,3.787878787878788e-06,5.409266213814554,223.46755010249146,5.316263108957009,203.6215469636144,17.653233766555786
246,3.7735849056603777e-06,5.4097608702055995,223.57811709842196,5.315737614866163,203.51457315343032,17.583228588104248
247,3.7593984962406014e-06,5.408346682838061,223.26215921404534,5.315360968230201,203.43793450783292,17.602622270584106
248,3.745318352059925e-06,5.407461951977188,223.0647196450424,5.314929536131562,203.35018378340607,17.64566993713379
249,3.7313432835820897e-06,5.406824644393005,222.92260409791706,5.314597039926247,203.2825818582627,17.63882040977478
250,3.7174721189591075e-06,5.4059298684625645,222.72322752939854,5.3142873576430025,203.21963859087936,17.598110914230347
251,3.7037037037037037e-06,5.405804218190816,222.69524405343736,5.313866763818459,203.13418363803456,17.607572078704834
252,3.690036900369004e-06,5.405268590200826,222.57599418711882,5.313585222744551,203.07700107182384,17.6305193901062
253,3.676470588235294e-06,5.404129211121521,222.32254017330612,5.313142733495743,202.98716156014441,17.61892867088318
254,3.663003663003663e-06,5.4033808900398,222.15623376261001,5.312778293109331,202.91319831896348,17.638290643692017
255,3.64963503649635e-06,5.402202818855822,221.8946720047088,5.312461227667137,202.84887175441554,17.631712436676025
256,3.6363636363636366e-06,5.402576036355099,221.97750243521892,5.311968541536175,202.74895554430762,17.636664628982544
257,3.6231884057971013e-06,5.401575323647946,221.75547783777628,5.311650495060155,202.68448220678232,17.605002403259277
258,3.6101083032490973e-06,5.400782451825935,221.57972385242073,5.311284366201182,202.61028715188465,17.612271547317505
259,3.5971223021582737e-06,5.400785006135447,221.58028983633974,5.310815197522523,202.51525104690398,17.6475670337677
260,3.5842293906810035e-06,5.400073418281909,221.42267207960026,5.310529110861606,202.45732242164587,17.609299182891846
261,3.5714285714285718e-06,5.399245968813757,221.2395317874692,5.310142646070386,202.37909491186807,17.633485794067383
262,3.5587188612099643e-06,5.3984711885861225,221.06818615884308,5.3096576714124835,202.28096997552345,17.632564783096313
263,3.5460992907801415e-06,5.398436438362554,221.06050412342708,5.309333656654983,202.21543857323397,17.629714012145996
264,3.53356890459364e-06,5.397354860453008,220.82153921837082,5.309023388096543,202.15270721290113,17.586474418640137
265,3.5211267605633804e-06,5.3972070900081155,220.7889107321009,5.308630497729192,202.07329896189316,17.60972547531128
266,3.5087719298245615e-06,5.396219533262695,220.5709767827762,5.3083329591594755,202.01318330534883,17.630735874176025
267,3.4965034965034966e-06,5.394852107834857,220.269568544091,5.307867394119013,201.91915491935237,17.59738802909851
268,3.484320557491289e-06,5.39478456953582,220.2546924144618,5.307632766786169,201.8717847239721,17.62737202644348
269,3.4722222222222224e-06,5.3943335506969206,220.15537579734314,5.307302275642019,201.8050789103147,17.648085832595825
270,3.4602076124567473e-06,5.393497387704473,219.97136696092377,5.306972269152031,201.73849291207185,17.628005743026733
271,3.448275862068966e-06,5.393863556111043,220.05192827445867,5.306623435411297,201.66813199178426,17.585787296295166
272,3.4364261168384878e-06,5.392343104805791,219.71760425899012,5.306208078978492,201.5843852294519,17.5978000164032
273,3.424657534246575e-06,5.39209779662497,219.66371234352914,5.305803111342133,201.50276660500478,17.629528522491455
274,3.4129692832764506e-06,5.391910039335745,219.62247275199644,5.305451819154083,201.4319926891157,17.607547760009766
275,3.401360544217687e-06,5.390311507377167,219.2716796621615,5.305215503348679,201.3843967495871,17.609097719192505
276,3.3898305084745763e-06,5.391183184105168,219.4628970101814,5.304936108041982,201.32813875376928,17.638325929641724
277,3.3783783783783783e-06,5.389167373830622,219.0209470408061,5.304359307054614,201.21204596898616,17.64416790008545
278,3.3670033670033667e-06,5.388604604564032,218.89772345954643,5.304336790178643,201.20751535331107,17.585148334503174
279,3.3557046979865773e-06,5.3889375996630555,218.97062746631073,5.3038714791907635,201.11391306434894,17.608561038970947
280,3.3444816053511705e-06,5.388881082191271,218.9582521497654,5.30362636144044,201.06462251566077,17.62683892250061
281,3.3333333333333333e-06,5.387409780283122,218.63633533205834,5.30348626902846,201.03645686067216,17.629419326782227
282,3.3222591362126247e-06,5.3869053017009385,218.52606580024346,5.3029645700923735,200.93160370828048,17.626909732818604
283,3.311258278145695e-06,5.386533677475734,218.44487130820804,5.302737892651167,200.88606220830465,17.64397883415222
284,3.3003300330033004e-06,5.385615325505697,218.24435411706884,5.302373256839689,200.81282530920635,17.629788160324097
285,3.289473684210526e-06,5.385762081751488,218.27638518946668,5.301991099216899,200.73609781919174,17.61094641685486
286,3.278688524590164e-06,5.384191112289298,217.93374886008922,5.301725844867894,200.68285875750144,17.611767530441284
287,3.26797385620915e-06,5.383673355468959,217.82094138117566,5.3014178510572085,200.6210591965231,17.640589714050293
288,3.257328990228013e-06,5.3832640496576225,217.7318042474554,5.301171365331431,200.57161506302768,17.617627382278442
289,3.246753246753247e-06,5.382607777368143,217.5889597753507,5.300752186384357,200.48755728346922,17.635279893875122
290,3.2362459546925567e-06,5.382588441744064,217.58475259769494,5.300337494396772,200.4044339363376,17.64152979850769
291,3.225806451612903e-06,5.380726650280568,217.18003203227448,5.3000624687945255,200.34932516471022,17.64303970336914
292,3.215434083601286e-06,5.382163361456136,217.49228126367518,5.299951404821678,200.3270748083294,17.599267959594727
293,3.205128205128205e-06,5.380359356031205,217.10027770298234,5.29940134189168,200.2169126114505,17.607124090194702
294,3.1948881789137383e-06,5.380248499161997,217.07621197984204,5.29913673635389,200.16394111619883,17.642800331115723
295,3.1847133757961785e-06,5.380187779716112,217.06303163269163,5.298798459475158,200.0962417341768,17.610754251480103
296,3.1746031746031746e-06,5.379004204048301,216.80627308662702,5.298410165505331,200.0185606526501,17.632134675979614
297,3.1645569620253167e-06,5.37944473942189,216.90180496017751,5.2983233576915305,200.00119823228815,17.644845008850098
298,3.1545741324921135e-06,5.378542008162771,216.70608927330596,5.2979786630536685,199.93227077183698,17.616842031478882
299,3.1446540880503146e-06,5.378742297354121,216.749497507642,5.297831754215428,199.90290111159533,17.590896368026733
300,3.134796238244514e-06,5.377300236278292,216.43715675542845,5.297214519782145,199.77955222922083,17.593649864196777
