epoch,lr,train_loss,train_ppl,val_loss,val_ppl,time
1,5e-05,7.745614044457725,2311.4123981895823,6.911249856479833,1003.5006906525294,17.9364755153656
2,4.761904761904762e-05,7.130465845710009,1249.4588864224504,6.690390555585017,804.6364460428072,17.94265627861023
3,4.545454545454545e-05,6.90426437727992,996.5151844110625,6.514240714370227,674.6814910312328,17.922447443008423
4,4.347826086956522e-05,6.761998477971779,864.3678910226473,6.4048011811053165,604.7415526782779,17.91780138015747
5,4.166666666666667e-05,6.666271971184026,785.4619147684162,6.325658211942579,558.72545242501,17.934513092041016
6,4e-05,6.591717382238005,729.0318217117012,6.263346218671955,524.9726776531609,17.88505506515503
7,3.846153846153846e-05,6.531354236357412,686.3270314480424,6.209873902993124,497.6384966053732,17.916264057159424
8,3.7037037037037037e-05,6.479124359160304,651.4003037597272,6.16454698218674,475.5856453578572,17.87126064300537
9,3.571428571428572e-05,6.4335682764266,622.3908530044633,6.125929289176816,457.5697303544909,17.930192708969116
10,3.4482758620689657e-05,6.394248538728848,598.3934846973079,6.091716395049799,442.1797152594859,17.921214818954468
11,3.3333333333333335e-05,6.359894515719668,578.1853637099086,6.061866357678273,429.1756851875673,17.943934202194214
12,3.2258064516129034e-05,6.328074878116824,560.0773381969346,6.034540305372144,417.6067939076957,17.9465172290802
13,3.125e-05,6.299054588707192,544.0573089855441,6.009019527278963,407.0839897924078,17.88076949119568
14,3.0303030303030306e-05,6.271889352880252,529.4768019688214,5.985390971918575,397.5779326737411,17.924914836883545
15,2.941176470588235e-05,6.246669327210808,516.2903635183341,5.963047148751431,388.7930312754625,17.90257239341736
16,2.8571428571428574e-05,6.222840873086841,504.1333785733395,5.9424604118847455,380.8708768900453,17.954792022705078
17,2.777777777777778e-05,6.200799524068423,493.1431633454212,5.923137524088875,373.58199953914743,17.920162677764893
18,2.7027027027027027e-05,6.1801253448833116,483.052500717579,5.9044025296070535,366.64809894933376,17.9249267578125
19,2.6315789473684212e-05,6.158844482837369,472.88133651268396,5.887095025328339,360.3569346269499,17.962519645690918
20,2.564102564102564e-05,6.1407273731755145,464.3912337673046,5.870356075099258,354.3751419687633,17.900521516799927
21,2.5e-05,6.122558993704323,456.0301809893524,5.854809678968836,348.9084891110569,17.92731213569641
22,2.439024390243903e-05,6.105491499140169,448.31293273542565,5.840036126433826,343.7917604109069,17.901148557662964
23,2.380952380952381e-05,6.089409661742876,441.16090010184126,5.825578822464239,338.85721449220654,17.962210655212402
24,2.325581395348837e-05,6.072650731938985,433.8291235099178,5.8125822153247775,334.4817153103113,17.92526912689209
25,2.2727272727272726e-05,6.059678953671333,428.2379305721175,5.800380296394473,330.42519552925074,17.916435718536377
26,2.2222222222222223e-05,6.045619943334144,422.2594532894408,5.788681573555118,326.58216584686375,17.93553900718689
27,2.173913043478261e-05,6.031890360405269,416.50162385268726,5.777298724065061,322.8858076624437,17.862067461013794
28,2.1276595744680852e-05,6.019286515577784,411.2850455442913,5.767047467778941,319.59273042490565,17.90746021270752
29,2.0833333333333333e-05,6.0074133435408,406.4306629298836,5.756790727865501,316.3315042751462,17.891862630844116
30,2.0408163265306123e-05,5.996911073835187,402.1845544075309,5.747511046831725,313.4096268273853,17.942903995513916
31,2e-05,5.985385439203697,397.5757329944832,5.738642653480905,310.6424752072411,17.9205322265625
32,1.9607843137254906e-05,5.975028705433344,393.4793959255554,5.729765970198835,307.89720282384,17.91296076774597
33,1.923076923076923e-05,5.96547356150776,389.7375490777406,5.721886853702733,305.48077704513355,17.943376064300537
34,1.8867924528301885e-05,5.956732994082861,386.3458659624754,5.714291556936796,303.16934899009925,17.88814902305603
35,1.8518518518518518e-05,5.94670015788201,382.4891006706888,5.706909156236493,300.93947242428203,17.949524879455566
36,1.8181818181818182e-05,5.937573053415603,379.0139657755802,5.699477023765689,298.7111412827562,17.88709282875061
37,1.785714285714286e-05,5.929495014007464,375.9646090178978,5.6931439501340275,296.8253593312706,17.953217267990112
38,1.7543859649122806e-05,5.921603290744343,373.0092770358615,5.687331289541526,295.1050189832661,17.946475982666016
39,1.7241379310344825e-05,5.913701021855323,370.07327325471664,5.680961995828347,293.23138164850064,17.93846321105957
40,1.694915254237288e-05,5.90580027590076,367.1609382968892,5.67488404961883,291.45454232073956,17.948711395263672
41,1.6666666666666667e-05,5.898718894039174,364.57011561711664,5.669214338552757,289.80675493018134,17.91627287864685
42,1.6393442622950818e-05,5.891677575086852,362.0120777019861,5.663737820797279,288.2239611462392,17.908286333084106
43,1.6129032258064517e-05,5.8846111694290135,359.462970627503,5.658346824958676,286.67432775774853,17.90017294883728
44,1.5873015873015876e-05,5.877858018384381,357.0436411351106,5.653298651585813,285.23079272283394,17.951754093170166
45,1.5625e-05,5.8720093828531725,354.96151773500753,5.64824040991361,283.79166922653485,17.928104162216187
46,1.5384615384615384e-05,5.8655935499312335,352.69143396951375,5.643763878306404,282.52410610931923,17.91521453857422
47,1.5151515151515151e-05,5.859714634831528,350.6240738444184,5.639229047493856,281.2458077117777,17.947270393371582
48,1.4925373134328359e-05,5.853985330866295,348.6209855778748,5.634707630657759,279.9770486374858,17.89764428138733
49,1.4705882352941175e-05,5.8482054502640946,346.61180989696334,5.630280948076092,278.74041821755304,17.935044765472412
50,1.4492753623188405e-05,5.842602410815388,344.6751608797463,5.626313530030798,277.63672929774106,17.878918170928955
51,1.4285714285714287e-05,5.836979406775578,342.7424898584688,5.622236904550771,276.50721220624723,17.961920738220215
52,1.4084507042253522e-05,5.831971865779948,341.03048283967047,5.618108256918485,275.36796475318675,17.941421031951904
53,1.388888888888889e-05,5.826323193505943,339.109543891645,5.614444150299322,274.3608334159136,17.922455310821533
54,1.36986301369863e-05,5.821301275829099,337.4108326428878,5.610405468549884,273.2550118589892,17.94376492500305
55,1.3513513513513513e-05,5.817386278361849,336.09245249905325,5.607195080303755,272.37916383906594,17.887800216674805
56,1.3333333333333333e-05,5.811479162392853,334.1129676850265,5.603629264675203,271.409639559466,17.91140079498291
57,1.3157894736842104e-05,5.807915967692642,332.92457662102265,5.600430379148389,270.5428183617055,17.904876708984375
58,1.2987012987012988e-05,5.802585387516185,331.1546171192751,5.596827518744547,269.5698441514966,17.943094730377197
59,1.282051282051282e-05,5.798235656875689,329.71731194579525,5.594022590605939,268.81477955632744,17.925410747528076
60,1.2658227848101267e-05,5.7943430163643574,328.4363357873867,5.590325207006736,267.82270337247144,17.922390937805176
61,1.25e-05,5.789430174165075,326.82673698704866,5.5873507202648725,267.02725190852095,17.944488525390625
62,1.2345679012345677e-05,5.785911440235878,325.6787415883143,5.584317535650535,266.2185360686741,17.891910552978516
63,1.2195121951219515e-05,5.78166399607323,324.29837291313606,5.581400417890705,265.44307685194104,17.93425679206848
64,1.2048192771084337e-05,5.777839848762106,323.06057642887845,5.5791069796827975,264.8349971206434,17.881402015686035
65,1.1904761904761905e-05,5.77423298461155,321.8974397163368,5.575904158295178,263.98813482594085,17.944143533706665
66,1.1764705882352942e-05,5.769386251835635,320.34106356115325,5.572848964910039,263.18283082879384,17.913079261779785
67,1.1627906976744185e-05,5.767090158233512,319.6063742750742,5.570417263468758,262.5436262520696,17.89630699157715
68,1.149425287356322e-05,5.762961843205971,318.28965825658315,5.567826298416638,261.8642653719941,17.935130834579468
69,1.1363636363636363e-05,5.759599636185844,317.22129956114463,5.56512915501829,261.1589315182406,17.888492584228516
70,1.1235955056179776e-05,5.754789644408185,315.6991314613211,5.562776495198735,260.5452355854884,17.935973167419434
71,1.1111111111111112e-05,5.751944766445389,314.80228227746704,5.560279334177737,259.89542385891014,17.8932945728302
72,1.0989010989010989e-05,5.749090524316856,313.90504142168663,5.557922976915954,259.28373834742246,17.93697714805603
73,1.0869565217391305e-05,5.744552973817593,312.4839081146876,5.555596754199168,258.68128761414704,17.906649351119995
74,1.075268817204301e-05,5.742073813597089,311.7101699468833,5.553571333650683,258.1578794584542,17.919050455093384
75,1.0638297872340426e-05,5.738547799517728,310.61301093476004,5.550876937928747,257.46323621459527,17.940184593200684
76,1.0526315789473684e-05,5.735946469200618,309.8060539284403,5.5487884224438275,256.9260813823073,17.8861141204834
77,1.0416666666666666e-05,5.733005536768081,308.8962737134465,5.546548151579059,256.3511416186478,17.926575899124146
78,1.0309278350515465e-05,5.7292864653912865,307.7496000258091,5.544459933140239,255.81638297865808,17.88470220565796
79,1.0204081632653061e-05,5.726511254727738,306.89671407060945,5.542583176347076,255.33672808268014,17.928100109100342
80,1.0101010101010101e-05,5.722638490882991,305.7104740686122,5.540171846014554,254.7217686184264,17.92725372314453
81,1e-05,5.7201952055019945,304.96444788506267,5.538428525455663,254.27809376850712,17.927184343338013
82,9.900990099009901e-06,5.717120096573085,304.0280894283702,5.536368069101552,253.75470425029,17.945600271224976
83,9.803921568627451e-06,5.714681140758979,303.28748187368376,5.5346514826915305,253.3194860252104,17.894396781921387
84,9.70873786407767e-06,5.712744465005132,302.7006807662424,5.532707902251697,252.82761737512305,17.930656671524048
85,9.615384615384616e-06,5.709136881509326,301.6106301925898,5.530653617421135,252.30877054805018,17.895237922668457
86,9.523809523809525e-06,5.70628707895557,300.7523230322817,5.5284728573971105,251.75914518585904,17.95128297805786
87,9.433962264150944e-06,5.70458316312237,300.240302730825,5.526761402849291,251.32863935254085,17.928005695343018
88,9.345794392523363e-06,5.70154656840434,299.32997745737333,5.525313361746366,250.96496852111807,17.929211854934692
89,9.259259259259259e-06,5.698913789327108,298.5429442524244,5.523302097789577,250.46071898495524,17.939823389053345
90,9.174311926605506e-06,5.6962364361993645,297.7447084232888,5.521676485655738,250.05389775747452,17.885756969451904
91,9.090909090909091e-06,5.693889921770701,297.0468652386674,5.520110755670266,249.66268721672995,17.934783935546875
92,9.00900900900901e-06,5.691120803662884,296.2254452146845,5.518322069136823,249.21651807752377,17.889073133468628
93,8.928571428571428e-06,5.689039641751638,295.6095931671571,5.516763526885236,248.82840612730504,17.944764852523804
94,8.849557522123894e-06,5.686733627401126,294.92869858124067,5.515128725864848,248.42195352015798,17.92224907875061
95,8.771929824561403e-06,5.684267340965991,294.20221615771084,5.513605164699867,248.04375565619236,17.91232132911682
96,8.695652173913044e-06,5.681580064227201,293.41267471903745,5.512098957280644,247.67043153349155,17.93984055519104
97,8.620689655172412e-06,5.6801299022360485,292.98748718035455,5.5101244176020385,247.1818789311915,17.884438514709473
98,8.547008547008546e-06,5.676616302689802,291.95985288325306,5.508698529884463,246.82967648626004,17.91785454750061
99,8.47457627118644e-06,5.674874297546073,291.4517000486964,5.506993246860191,246.4091207142852,17.89649271965027
100,8.403361344537815e-06,5.672984321980288,290.90138366307025,5.505695358651583,246.08951667204033,17.950947761535645
101,8.333333333333334e-06,5.670332895543931,290.131101668336,5.504303467078287,245.74722501920354,17.931113243103027
102,8.264462809917356e-06,5.668126970785151,289.49179967316593,5.503106054712514,245.45314035855392,17.92582869529724
103,8.196721311475409e-06,5.66611959881071,288.91126481731214,5.501158616581901,244.97560069413964,17.936816930770874
104,8.130081300813007e-06,5.663658719937961,288.20116328491343,5.4999807428141105,244.6872202315655,17.886278867721558
105,8.064516129032258e-06,5.661568404061921,287.5993610153522,5.498623292954242,244.3552949356927,17.911499977111816
106,8e-06,5.659342570329407,286.95992455976983,5.497372552996776,244.04986105349585,17.88479495048523
107,7.936507936507936e-06,5.658082641009401,286.59860300475833,5.495714617557213,243.64557737056387,17.948903799057007
108,7.874015748031496e-06,5.656361480519865,286.1057450783751,5.494602817003845,243.37484261223253,17.9230055809021
109,7.8125e-06,5.653756018977223,285.3612778239918,5.493003282390657,242.98586730016606,17.920990705490112
110,7.751937984496124e-06,5.651371182544767,284.6815486957797,5.492086637215536,242.7632375291239,17.936203241348267
111,7.692307692307692e-06,5.649937511921747,284.2737015515912,5.490898554442359,242.47498597591388,17.87185764312744
112,7.633587786259541e-06,5.647773845322545,283.6592929658739,5.489723080494365,242.19013039981283,17.919450044631958
113,7.575757575757576e-06,5.645520672789978,283.0208791366987,5.488072133455121,241.79061719940643,17.89328694343567
114,7.518796992481203e-06,5.643144599364921,282.34919904366535,5.487037342102801,241.54054376888294,17.949066400527954
115,7.462686567164179e-06,5.64211987590299,282.0600173858676,5.485645704582089,241.2046406672915,17.926711797714233
116,7.4074074074074075e-06,5.640483063244697,281.5987156142931,5.48457353623187,240.94616727389834,17.926934719085693
117,7.352941176470588e-06,5.6388071061816465,281.1271635188217,5.4834716789058,240.6808251857068,17.941141605377197
118,7.2992700729927e-06,5.636540870110331,280.49078436528606,5.481961637246804,240.31766137840185,17.878123998641968
119,7.2463768115942025e-06,5.634957483661318,280.04701048374034,5.480909382710691,240.06491902707177,17.90681219100952
120,7.194244604316547e-06,5.633073028528465,279.5197713926263,5.47987753836835,239.8173371535236,17.890482425689697
121,7.1428571428571436e-06,5.631100417819277,278.9689311734238,5.478765366507358,239.55076732257317,17.950539588928223
122,7.092198581560283e-06,5.630093639138224,278.6882125353237,5.4776999129623665,239.29567302801587,17.92616868019104
123,7.042253521126761e-06,5.627719866472902,278.0274546290579,5.476580787877568,239.02802103361176,17.92998242378235
124,6.993006993006993e-06,5.625788464963334,277.49099021434097,5.47510362453148,238.67519825484644,17.929816961288452
125,6.944444444444445e-06,5.6239692436892215,276.9866316106201,5.474313548353852,238.48670113986,17.875273942947388
126,6.896551724137932e-06,5.62317916091474,276.7678756732513,5.473386459663266,238.26570527359104,17.939409971237183
127,6.84931506849315e-06,5.621138444282178,276.2036467774644,5.472254162929097,237.99607047575395,17.902040719985962
128,6.802721088435374e-06,5.619447585853459,275.73702012424644,5.471093369311974,237.71996643715087,17.9491024017334
129,6.756756756756757e-06,5.617782729363155,275.27833948134366,5.4702753043565595,237.52557558641874,17.928114652633667
130,6.7114093959731546e-06,5.6164522915311785,274.91234228641787,5.469362735748291,237.30891607584752,17.930073261260986
131,6.666666666666667e-06,5.614787068211603,274.4549327933792,5.468103893467637,237.01036952964776,17.93771481513977
132,6.62251655629139e-06,5.612494310424831,273.826394926981,5.467026542444698,236.7551636634228,17.892410278320312
133,6.578947368421052e-06,5.612004706626486,273.692361298302,5.4658493253051255,236.47661541493073,17.92279076576233
134,6.5359477124183e-06,5.609546412325641,273.0203712394184,5.465208956452667,236.32523163198707,17.905722618103027
135,6.493506493506494e-06,5.6084816946582565,272.72983632287963,5.463951329715917,236.02820951274538,17.943435430526733
136,6.451612903225806e-06,5.606487458606936,272.1864906108902,5.463086429189463,235.82415684542985,17.919536590576172
137,6.41025641025641e-06,5.60547967513266,271.9123237373578,5.461964861291354,235.55981230939636,17.917344570159912
138,6.369426751592357e-06,5.6045004397272855,271.6461878888858,5.460905755152468,235.3104615338814,17.942455768585205
139,6.329113924050633e-06,5.603026588008089,271.24611658316434,5.460356380118698,235.18122334449768,17.897960901260376
140,6.289308176100629e-06,5.600983895323084,270.69260963973943,5.459248667857686,234.92085445336897,17.908140420913696
141,6.25e-06,5.599472579579819,270.2838166226761,5.458440987790217,234.73119016613694,17.896040201187134
142,6.2111801242236025e-06,5.5980046887340515,269.8873605308176,5.457221113267492,234.4450221475889,17.950449466705322
143,6.172839506172838e-06,5.596617483152125,269.51323083519486,5.4562834559894,234.22529609622404,17.925431966781616
144,6.134969325153374e-06,5.594539140959752,268.95367179514653,5.455484022859667,234.03812346067457,17.925813674926758
145,6.097560975609757e-06,5.593960293365792,268.7980336590674,5.454865096045322,233.89331580777792,17.942686319351196
146,6.060606060606061e-06,5.592686280173666,268.4557994698944,5.453933762722328,233.67558457465512,17.883684396743774
147,6.024096385542168e-06,5.590722093451289,267.9290196693364,5.452620600090652,233.368931915529,17.937406063079834
148,5.988023952095808e-06,5.589526650018185,267.60891705264146,5.45162796583332,233.1373968529415,17.90298843383789
149,5.9523809523809525e-06,5.58834822018396,267.29374446174717,5.450941644731115,232.97744463333856,17.948904752731323
150,5.91715976331361e-06,5.587444747496224,267.0523609221603,5.44991994685814,232.73953363098363,17.894526481628418
151,5.882352941176471e-06,5.584797985966782,266.3464715793864,5.449224186725304,232.57765906161433,17.929173707962036
152,5.8479532163742686e-06,5.582972665184767,265.86074726579926,5.4484495491277976,232.39756542522176,17.940342664718628
153,5.813953488372093e-06,5.582799631367417,265.81474834561544,5.447744045101229,232.23366582975996,17.88537073135376
154,5.780346820809249e-06,5.581317050583776,265.42094849988433,5.446561586661417,231.95922146309755,17.937448024749756
155,5.74712643678161e-06,5.579866053105219,265.036102645558,5.445779151603824,231.7777994210313,17.89995789527893
156,5.7142857142857145e-06,5.577138814877073,264.3142708056833,5.445289295227801,231.6642893922399,17.93869686126709
157,5.6818181818181815e-06,5.5778075928957955,264.491097502346,5.4442247171871,231.41779590599444,17.926425457000732
158,5.649717514124293e-06,5.574913688221272,263.7267919260557,5.44347550829903,231.24448056924643,17.92859673500061
159,5.617977528089888e-06,5.574740609419284,263.68115035876474,5.4422318779054235,230.95707665402088,17.93817973136902
160,5.58659217877095e-06,5.5729296620468745,263.20406978665613,5.441927378294898,230.88676102021654,17.89154028892517
161,5.555555555555556e-06,5.572148884549149,262.9986461771586,5.4411716812946755,230.71234649808838,17.931949138641357
162,5.524861878453038e-06,5.570417564892646,262.54370538900224,5.440000682580666,230.44234075607488,17.899539470672607
163,5.494505494505495e-06,5.568916155584476,262.1498155948244,5.43938346768989,230.30015219685683,17.929145574569702
164,5.46448087431694e-06,5.569056318718205,262.186561909664,5.438572719448903,230.1135124227219,17.9245502948761
165,5.434782608695652e-06,5.5663204843347724,261.47024321017244,5.437998423810865,229.9813971765199,17.92334222793579
166,5.405405405405406e-06,5.565916211077525,261.36455914733614,5.437417511080132,229.84783685227055,17.940549850463867
167,5.376344086021505e-06,5.564761160986297,261.0628442708912,5.4369295034252225,229.73569671327093,17.890149354934692
168,5.347593582887701e-06,5.563416104373965,260.7119360146102,5.435764293201634,229.46816222796582,17.906474351882935
169,5.319148936170213e-06,5.562425288696027,260.45374647122765,5.4349627768407105,229.28431343038105,17.88947606086731
170,5.291005291005291e-06,5.561669354168874,260.2569348892508,5.434354586679428,229.1449073638124,17.949471473693848
171,5.263157894736842e-06,5.559381055177587,259.66207008151287,5.433550451622635,228.96071797721225,17.9271183013916
172,5.235602094240837e-06,5.55859288670391,259.45749325515783,5.433109510140341,228.85978195391553,17.92588710784912
173,5.208333333333334e-06,5.5578509293125995,259.265058248422,5.432167279915731,228.64424490886634,17.943500518798828
174,5.1813471502590676e-06,5.556141779721295,258.8223139459773,5.431661703547493,228.52867699857063,17.881194353103638
175,5.154639175257732e-06,5.554590702465836,258.421171723323,5.430792187081009,228.330053916391,17.929343700408936
176,5.128205128205129e-06,5.554429838219801,258.37960433981686,5.430058217439496,228.16252807553266,17.895493030548096
177,5.102040816326531e-06,5.552942860392314,257.995685107522,5.429571749734097,228.05156136709022,17.94202160835266
178,5.076142131979696e-06,5.552344233053217,257.8412880548069,5.429295559398463,227.98858442702587,17.91334319114685
179,5.050505050505051e-06,5.551089305615957,257.51791889282316,5.4284418567282255,227.79403302006048,17.924936771392822
180,5.025125628140703e-06,5.548932823472326,256.9631844515031,5.42750777572882,227.58135428708388,17.936476230621338
181,5e-06,5.547937948953226,256.70766545269174,5.426852730453992,227.43232701145422,17.883430242538452
182,4.975124378109453e-06,5.547941686767657,256.7086249801013,5.426125444349696,227.26697877537663,17.931670665740967
183,4.950495049504951e-06,5.5458936126931455,256.1834047291569,5.425804177268606,227.19397710362236,17.894189596176147
184,4.926108374384236e-06,5.545343814542322,256.04259427917475,5.425074843109631,227.02833718617467,17.943202018737793
185,4.901960784313726e-06,5.544617735910171,255.85675469778687,5.4243395054926635,226.86145607422327,17.900017261505127
186,4.8780487804878055e-06,5.544280711823426,255.77053933783984,5.423767805099487,226.73179635737617,17.935733795166016
187,4.854368932038835e-06,5.54193906268779,255.17231516439227,5.4227806505609735,226.5080874713642,17.93725323677063
188,4.830917874396135e-06,5.542107368619733,255.21526579302332,5.422670622340968,226.48316656070978,17.878243684768677
189,4.807692307692308e-06,5.540261155745178,254.74451876685532,5.422024410279071,226.33685768503304,17.920915126800537
190,4.784688995215311e-06,5.5395654073914775,254.56734232956347,5.421274830083378,226.1672636290708,17.89420485496521
191,4.761904761904762e-06,5.537802434090276,254.11894227647792,5.4207421951606625,226.04683112221355,17.938839435577393
192,4.739336492890995e-06,5.536966894339534,253.9067044776955,5.420026497762711,225.88510787272185,17.921509504318237
193,4.716981132075471e-06,5.536160087503659,253.70193342929713,5.41966401944395,225.80324425637625,17.916603326797485
194,4.6948356807511736e-06,5.535038457317581,253.41753320824884,5.41890956534714,225.63295032123025,17.93630814552307
195,4.672897196261682e-06,5.533870840154422,253.12181122565778,5.418382238169185,225.5139993000933,17.871865272521973
196,4.651162790697674e-06,5.532988927376618,252.89867827236046,5.418031137497699,225.4348350816278,17.90789532661438
197,4.6296296296296296e-06,5.532477097895706,252.76927039334586,5.416999043011274,225.20228505873334,17.898280143737793
198,4.608294930875576e-06,5.531445975573558,252.50876868393468,5.416821284372299,225.16225696482226,17.951224088668823
199,4.587155963302753e-06,5.52946141653568,252.00814704580503,5.415998169633209,224.976998847231,17.922887802124023
200,4.566210045662101e-06,5.528376160109636,251.73480193640484,5.4154133835776905,224.8454738962196,17.929241180419922
201,4.5454545454545455e-06,5.528421958560191,251.74633126429487,5.414934349841759,224.7377911227516,17.943176984786987
202,4.5248868778280546e-06,5.52745816842565,251.5038175187655,5.414328450062236,224.60166378858523,17.877113103866577
203,4.504504504504504e-06,5.526371025098536,251.23054539170562,5.4140287110062895,224.53435198640923,17.924529790878296
204,4.484304932735426e-06,5.525755366575656,251.07592076809522,5.413626080653707,224.44396583842638,17.898431539535522
205,4.464285714285714e-06,5.524308140036581,250.7128198402616,5.412802840842575,224.2592706650208,17.94444465637207
206,4.444444444444445e-06,5.523036841871808,250.39429160759286,5.412590843732239,224.21173338673466,17.923840045928955
207,4.424778761061947e-06,5.523019460625755,250.38993948062296,5.41189169883728,224.05503168292856,17.92010235786438
208,4.405286343612335e-06,5.522022202329816,250.14036050429286,5.411395092479518,223.9437921531212,17.920271396636963
209,4.3859649122807014e-06,5.521860478468252,250.09991011024425,5.4108257528211245,223.81632835953684,17.866860151290894
210,4.3668122270742355e-06,5.520384775017792,249.73110899740047,5.410031396834577,223.6386091147354,17.933061122894287
211,4.347826086956522e-06,5.5187151113055375,249.31448993054204,5.4097696327772296,223.58007622627144,17.886436700820923
212,4.329004329004329e-06,5.518478850353234,249.2555936094524,5.409263735911885,223.4669963723387,17.934757232666016
213,4.310344827586206e-06,5.518158474671902,249.17575096932708,5.408565912090364,223.31111017582288,17.9163658618927
214,4.2918454935622316e-06,5.516674262581722,248.80619562425483,5.407743731483084,223.12758356799333,17.92128586769104
215,4.273504273504273e-06,5.516185553977666,248.6846316028219,5.407513571567223,223.07623445161386,17.926199674606323
216,4.255319148936171e-06,5.515028008056954,248.39693426553012,5.407171847390347,223.00001693244158,17.879257440567017
217,4.23728813559322e-06,5.514008631223676,248.14385319968545,5.4063628814259514,222.8196904575081,17.927200078964233
218,4.219409282700422e-06,5.513531071448613,248.02537796872215,5.406175269455206,222.777890737447,17.891059398651123
219,4.201680672268908e-06,5.512848819304085,247.85621983351743,5.405470121102255,222.62085464809638,17.945146560668945
220,4.184100418410042e-06,5.510479140240782,247.26957549259376,5.405130937451222,222.5453580981424,17.92801284790039
221,4.166666666666667e-06,5.510865632706604,247.36516179105104,5.404412551004379,222.38554194083062,17.920049905776978
222,4.149377593360996e-06,5.5104664504834755,247.26643772160037,5.404033516274124,222.30126606967855,17.935962915420532
223,4.132231404958678e-06,5.508718504095977,246.8346067636652,5.403636862020024,222.21310681232828,17.884711265563965
224,4.11522633744856e-06,5.508348092002279,246.74319317157193,5.403176694619851,222.11087510833477,17.912201642990112
225,4.098360655737704e-06,5.507492573756092,246.53219013903282,5.40269696907919,222.00434840252052,17.900681972503662
226,4.081632653061225e-06,5.5070251334797256,246.4169779934375,5.4022278668450525,221.9002300896726,17.951476097106934
227,4.065040650406504e-06,5.505489460191023,246.03885243542067,5.401968037495847,221.8425813870367,17.93120503425598
228,4.048582995951417e-06,5.505534765037419,246.04999944034253,5.401203870773315,221.67312142477846,17.92794132232666
229,4.032258064516129e-06,5.504893317639725,245.8922219168997,5.40103415973851,221.63550424206863,17.937122583389282
230,4.016064257028112e-06,5.5038804545819655,245.64329285593573,5.400233831561979,221.45819406573355,17.89316153526306
231,4e-06,5.502290577258703,245.25306044804023,5.400005707975294,221.40767999014747,17.93327569961548
232,3.98406374501992e-06,5.50242815909214,245.2868051350272,5.399184996964501,221.2260428153156,17.90233564376831
233,3.968253968253968e-06,5.500844357148656,244.8986268962112,5.398923260266663,221.1681474183989,17.939374923706055
234,3.952569169960475e-06,5.50054855780168,244.82619675522216,5.398591420689567,221.0947672497879,17.91146993637085
235,3.937007874015748e-06,5.499120146700694,244.47673394566223,5.39813838239576,220.9946255393909,17.930044889450073
236,3.92156862745098e-06,5.4994338896016925,244.55344881914124,5.3975125570766265,220.8563647753919,17.93524670600891
237,3.90625e-06,5.49775504084435,244.1432250137028,5.397088031299779,220.76262545435077,17.88358497619629
238,3.891050583657587e-06,5.4977589037978625,244.14416812945305,5.39686140466909,220.71260043307706,17.905071020126343
239,3.875968992248062e-06,5.4965246697028345,243.84302295309627,5.39655680343753,220.64538134119326,17.897929668426514
240,3.861003861003861e-06,5.496221146493588,243.76902216726333,5.395789916398095,220.47623612385865,17.931177377700806
241,3.846153846153846e-06,5.495459974118817,243.58354252171108,5.395197590843576,220.3456810843986,17.921324253082275
242,3.8314176245210725e-06,5.494446404802247,243.33677879418644,5.3947440718041095,220.24577277963417,17.931193590164185
243,3.816793893129771e-06,5.493784113568262,243.1756723342719,5.394472520859515,220.18597295171026,17.9366352558136
244,3.802281368821293e-06,5.493285365619954,243.05441920650455,5.393954796869247,220.072006895219,17.885653495788574
245,3.787878787878788e-06,5.492872841771225,242.95417414020486,5.393694002120221,220.01462075474052,17.926600456237793
246,3.7735849056603777e-06,5.4917047301860045,242.67054224381693,5.3930695916785565,219.8772842098708,17.893516302108765
247,3.7593984962406014e-06,5.491141473858475,242.53389501271454,5.393119366442571,219.88822882218497,17.944916009902954
248,3.745318352059925e-06,5.489674419726965,242.17834552894374,5.392265218203185,219.7004918676834,17.929088830947876
249,3.7313432835820897e-06,5.489429595744426,242.11906171925185,5.392100709383605,219.66435217183596,17.927141427993774
250,3.7174721189591075e-06,5.488388370690583,241.86709248727973,5.391690691963571,219.57430442271945,17.934793949127197
251,3.7037037037037037e-06,5.487098440297881,241.55530191098921,5.391191158138338,219.464647021579,17.88992929458618
252,3.690036900369004e-06,5.487569957000313,241.66922612687586,5.390768449814593,219.37189709297974,17.915764093399048
253,3.676470588235294e-06,5.486044069915039,241.30074737579935,5.390532001120145,219.3200330261506,17.892115354537964
254,3.663003663003663e-06,5.484876572983547,241.01919388207227,5.389992170646543,219.2016693398884,17.94756317138672
255,3.64963503649635e-06,5.485210785530444,241.0997589828945,5.389423511067375,219.07705364616083,17.920189142227173
256,3.6363636363636366e-06,5.484979489655274,241.04400005179127,5.389191029501743,219.02612818957937,17.918676137924194
257,3.6231884057971013e-06,5.4839947685778245,240.80675577323922,5.388719871395924,218.92295656088,17.940940618515015
258,3.6101083032490973e-06,5.483326647334811,240.64592139865982,5.388440222036643,218.8617434558476,17.87548303604126
259,3.5971223021582737e-06,5.483047186817149,240.57867976102176,5.388146380909154,218.7974423220077,17.927204370498657
260,3.5842293906810035e-06,5.481186555957303,240.131467822423,5.387799849275683,218.72163522245822,17.884048461914062
261,3.5714285714285718e-06,5.482135279918821,240.35939440246855,5.387360365664373,218.62553176783246,17.935832738876343
262,3.5587188612099643e-06,5.4811016809879,240.111087536339,5.387008921044772,218.5487105009864,17.934383869171143
263,3.5460992907801415e-06,5.480335975797467,239.92730360146788,5.386768262894427,218.49612130082068,17.927422761917114
264,3.53356890459364e-06,5.47911969793395,239.63566272736642,5.386428747020784,218.4219509910209,17.931482076644897
265,3.5211267605633804e-06,5.479378241413045,239.69762697520417,5.385861099743452,218.29799954890888,17.869738578796387
266,3.5087719298245615e-06,5.4778808619104975,239.3389772461508,5.385594106111371,218.23972315319267,17.92887830734253
267,3.4965034965034966e-06,5.476734178143954,239.06468841756993,5.38515968791774,218.14493643690983,17.902116537094116
268,3.484320557491289e-06,5.476748181043726,239.06803603987905,5.384858342467761,218.07920935665422,17.948586463928223
269,3.4722222222222224e-06,5.475955638427473,238.87863949546346,5.384395325770144,217.97825841410844,17.93031907081604
270,3.4602076124567473e-06,5.474836798924729,238.6115220958484,5.383864387136991,217.86255605367356,17.93469762802124
271,3.448275862068966e-06,5.474926166632572,238.63284721351724,5.383445204281416,217.77125094340948,17.94462275505066
272,3.4364261168384878e-06,5.473974196824979,238.405784043659,5.383090832194344,217.69409256290402,17.876526832580566
273,3.424657534246575e-06,5.47404350874559,238.4223089791167,5.382614538317821,217.59043088833118,17.936768054962158
274,3.4129692832764506e-06,5.472383559670293,238.0268683842224,5.382640146818317,217.59600312433653,17.900007009506226
275,3.401360544217687e-06,5.472262791049624,237.9981239433936,5.38210168822867,217.47886822635755,17.94182586669922
276,3.3898305084745763e-06,5.472129056629554,237.96629753050127,5.381768742545706,217.40647162878173,17.931745529174805
277,3.3783783783783783e-06,5.471645888905991,237.85134766850655,5.381450512370125,217.33729733640027,17.927668809890747
278,3.3670033670033667e-06,5.469786666474253,237.40953994418453,5.381119833617914,217.26544039154544,17.932918787002563
279,3.3557046979865773e-06,5.470057822009916,237.4739235837553,5.380419797584659,217.1133999775833,17.87714695930481
280,3.3444816053511705e-06,5.469168342816073,237.26278938330685,5.3804265592919025,217.11486803979597,17.940168857574463
281,3.3333333333333333e-06,5.4684408422604225,237.0902433434753,5.379949921467265,217.01140753994952,17.895715713500977
282,3.3222591362126247e-06,5.467566540883295,236.88304560704836,5.3795175591453175,216.91760026472346,17.948065280914307
283,3.311258278145695e-06,5.467160171341937,236.78680310878383,5.37946090151052,216.90531057470227,17.931084156036377
284,3.3003300330033004e-06,5.466637226974985,236.66300915542598,5.379074002875656,216.82140643839068,17.923580169677734
285,3.289473684210526e-06,5.467499564483276,236.86718056472571,5.378749409659964,216.7510391018417,17.93046498298645
286,3.278688524590164e-06,5.465718688114225,236.44572479195534,5.3782629536800695,216.6456249044844,17.887637615203857
287,3.26797385620915e-06,5.46473437067166,236.2131016471141,5.377877340942133,216.56209969712998,17.934072017669678
288,3.257328990228013e-06,5.464455183333435,236.14716314503715,5.377550875554319,216.49141120656714,17.89826488494873
289,3.246753246753247e-06,5.463645216531247,235.95596922327618,5.3774052330704984,216.45988315568073,17.943373918533325
290,3.2362459546925567e-06,5.462621071735336,235.71443984697018,5.376894825794658,216.34942864718073,17.913055181503296
291,3.225806451612903e-06,5.462737153774674,235.74180364804104,5.376804945898837,216.32998405692513,17.924667835235596
292,3.215434083601286e-06,5.460668111133739,235.25454805416862,5.3762107559892,216.2014811445941,17.93500542640686
293,3.205128205128205e-06,5.460286313019322,235.16474545563594,5.375941139752747,216.14319757238425,17.89055895805359
294,3.1948881789137383e-06,5.4595575892904815,234.99343775101116,5.375536035318843,216.05565473788192,17.915703296661377
295,3.1847133757961785e-06,5.460557994057343,235.228643937397,5.37548785913186,216.04524625098298,17.894018173217773
296,3.1746031746031746e-06,5.4596853252136075,235.0234567719237,5.375044857869383,215.94955913046414,17.950300216674805
297,3.1645569620253167e-06,5.4588250046528835,234.82134821135134,5.374706104153493,215.87641780401142,17.93137812614441
298,3.1545741324921135e-06,5.458190160999985,234.67232067847115,5.374228739347614,215.77339059247146,17.926644325256348
299,3.1446540880503146e-06,5.45824961842231,234.68627410456304,5.374140157074224,215.75427774153823,17.938949823379517
300,3.134796238244514e-06,5.457482369440906,234.50628035864563,5.373582288867137,215.63394885639357,17.88627815246582
