epoch,lr,train_loss,train_ppl,val_loss,val_ppl,time
1,5e-05,7.657192429383868,2115.8087992733376,6.7761813499888435,876.714458124603,22.056792497634888
2,4.761904761904762e-05,6.877314477187691,970.0178536838591,6.519232769481471,678.0579589620246,21.74532699584961
3,4.545454545454545e-05,6.666701764635116,785.7995737120681,6.345874645670906,570.1358385436072,21.66681480407715
4,4.347826086956522e-05,6.522448428499146,680.2418716296102,6.223948799195837,504.6922306321048,21.527676105499268
5,4.166666666666667e-05,6.410127002624459,607.9708900571295,6.131371384761373,460.0666566569875,21.44345736503601
6,4e-05,6.321408541288425,556.3560913340873,6.062087207544045,429.27047904725396,21.441503286361694
7,3.846153846153846e-05,6.246268903820633,516.0836701658479,6.00546564430487,405.6398286419104,21.27325677871704
8,3.7037037037037037e-05,6.182850679034434,484.3707757485998,5.95873676753435,387.1207916802894,21.27678394317627
9,3.571428571428572e-05,6.128563495688332,458.77665246079187,5.921030599562848,372.795719069506,21.306330680847168
10,3.4482758620689657e-05,6.080962614988586,437.45008811832366,5.888945630339325,361.0244304209449,21.169967889785767
11,3.3333333333333335e-05,6.038231731074547,419.1512071498322,5.862432479858398,351.57831188799037,21.2502338886261
12,3.2258064516129034e-05,6.000151462456784,403.4899024366734,5.839255047626183,343.52333679625286,21.159687280654907
13,3.125e-05,5.966196786478085,390.01951895664536,5.81935299810816,336.7541025888465,21.420958042144775
14,3.0303030303030306e-05,5.934733751912059,377.9393571435667,5.801938588501977,330.94049589353546,21.582118034362793
15,2.941176470588235e-05,5.905766482214167,367.14853078486016,5.787407253609329,326.1662607333592,21.278555154800415
16,2.8571428571428574e-05,5.880061435454092,357.83122455735145,5.773458316677907,321.6481726539324,21.280794858932495
17,2.777777777777778e-05,5.855001453674474,348.9754073502583,5.762283305652806,318.07376002648414,21.264492511749268
18,2.7027027027027027e-05,5.832702450645931,341.2797255846743,5.751585421015005,314.6891798384955,21.153456449508667
19,2.6315789473684212e-05,5.811076759678627,333.97854676745663,5.741941268326806,311.66885697613765,21.3093044757843
20,2.564102564102564e-05,5.7918700767013265,327.62513598332555,5.7325024682967385,308.74091681808045,21.319402933120728
21,2.5e-05,5.7735225843524445,321.6688448982796,5.725888955788534,306.7057919824659,21.46907925605774
22,2.439024390243903e-05,5.754913340301906,315.7381845628384,5.719099463009443,304.6304683919748,21.235799551010132
23,2.380952380952381e-05,5.738519996558004,310.60437509377886,5.712344990401972,302.5797836811822,21.24553155899048
24,2.325581395348837e-05,5.722685443802927,305.7248284050111,5.706752820093124,300.89242838521346,21.200127124786377
25,2.2727272727272726e-05,5.706949494510735,300.9516120480952,5.701461608292626,299.3045474293335,21.183344841003418
26,2.2222222222222223e-05,5.693490082771864,296.92811805892137,5.696309359347234,297.766421696379,21.59518313407898
27,2.173913043478261e-05,5.679996971405187,292.94854269877,5.691940608571787,296.4683918596329,21.375468492507935
28,2.1276595744680852e-05,5.666959035457919,289.1538893405023,5.6878131334898905,295.24724781409407,21.360318183898926
29,2.0833333333333333e-05,5.655055801414503,285.7324265552358,5.683162528960431,293.87735750415163,21.245718955993652
30,2.0408163265306123e-05,5.6425781577161,282.1893099860017,5.67970434954909,292.86283209347454,21.57166051864624
31,2e-05,5.630261330825387,278.73495015052146,5.676042517677683,291.7923787471974,21.459739208221436
32,1.9607843137254906e-05,5.620233180796916,275.9537228421146,5.673077841274074,290.92858982716245,21.569891929626465
33,1.923076923076923e-05,5.609603561627108,273.0359746087776,5.669817283505299,289.98154513942114,21.47904348373413
34,1.8867924528301885e-05,5.598962807123698,270.1460684907113,5.667325395052551,289.2598430495812,21.55045247077942
35,1.8518518518518518e-05,5.589674648248924,267.64852562982264,5.664708751146911,288.50394243677835,21.48591709136963
36,1.8181818181818182e-05,5.580576627986509,265.22449756915614,5.66211712164957,287.7572151476466,20.99534320831299
37,1.785714285714286e-05,5.571693812185455,262.87898998977136,5.660237562460978,287.2168663976373,20.994981288909912
38,1.7543859649122806e-05,5.562623452567727,260.5053641082335,5.658250906428353,286.64683169626045,21.207374811172485
39,1.7241379310344825e-05,5.555134184773545,258.56165723032785,5.655720159655711,285.92231831869293,21.604838132858276
40,1.694915254237288e-05,5.546000011993722,256.21066391439274,5.654206604254051,285.48988638674257,21.4410343170166
41,1.6666666666666667e-05,5.539147066620161,254.46086870390346,5.652251626624436,284.9323052522841,21.32224941253662
42,1.6393442622950818e-05,5.531029428871377,252.40360889257033,5.650856936564211,284.5351899890382,21.395679235458374
43,1.6129032258064517e-05,5.523013723039709,250.38850285092147,5.649207201160368,284.06616919895026,21.356744289398193
44,1.5873015873015876e-05,5.516832530396266,248.84557675338186,5.647591903561452,283.60768818923543,21.291635274887085
45,1.5625e-05,5.5100346147298405,247.15968228518437,5.646532160336854,283.3072960606076,21.4088716506958
46,1.5384615384615384e-05,5.5022989517624135,245.25511432930494,5.6450475434787935,282.88700533540896,21.434009075164795
47,1.5151515151515151e-05,5.495492938043323,243.59157212356044,5.644471958035329,282.724226544038,21.278605222702026
48,1.4925373134328359e-05,5.4896617553246365,242.17527850436176,5.643371175547115,282.413179895225,21.42900061607361
49,1.4705882352941175e-05,5.483668539577242,240.72821043854947,5.6421218582841215,282.06057653687816,21.541664361953735
50,1.4492753623188405e-05,5.477266120256322,239.19189082207782,5.641131358068497,281.78133379282855,21.00014019012451
51,1.4285714285714287e-05,5.471259456964954,237.75945206739,5.639789815808906,281.4035656781835,20.900948524475098
52,1.4084507042253522e-05,5.46614554325058,236.54667440795012,5.638596632441536,281.06799985968604,21.272680044174194
53,1.388888888888889e-05,5.459891270609703,235.07186375524697,5.637873481531612,280.86481875399204,21.2447726726532
54,1.36986301369863e-05,5.45506260202843,233.9395156992862,5.637295762046438,280.7026045371668,21.27139163017273
55,1.3513513513513513e-05,5.4493058799266,232.59665985124013,5.6365788100195715,280.5014263620647,21.351074934005737
56,1.3333333333333333e-05,5.444313432094777,231.43832702508774,5.6356738121783145,280.2476880103859,21.248788356781006
57,1.3157894736842104e-05,5.439211863800756,230.26063518580503,5.634892924887235,280.02893157564023,21.416604042053223
58,1.2987012987012988e-05,5.433949121275652,229.05201586484216,5.634303894199308,279.8640345109183,21.37923312187195
59,1.282051282051282e-05,5.429245301421674,227.9771264699708,5.633908220979034,279.7533217116337,21.26582431793213
60,1.2658227848101267e-05,5.4246735217027355,226.93724413450832,5.633579027457316,279.66124388699023,21.3479642868042
61,1.25e-05,5.4198703737242555,225.84984453025314,5.632457674526777,279.34782069345016,21.389147996902466
62,1.2345679012345677e-05,5.415032213793406,224.75978592730704,5.632137521368558,279.25840092118864,21.301012754440308
63,1.2195121951219515e-05,5.409614553991354,223.54540638785193,5.631617303754463,279.11316356293673,21.316304683685303
64,1.2048192771084337e-05,5.406158877482341,222.7742389982367,5.630740376769519,278.868508985734,21.37322211265564
65,1.1904761904761905e-05,5.401988679303518,221.8471606661969,5.63031710953009,278.7504980586134,21.37257671356201
66,1.1764705882352942e-05,5.39820261353285,221.00882073136185,5.629239312938003,278.45022356824217,21.29475450515747
67,1.1627906976744185e-05,5.39324523776923,219.9159081872463,5.629745104273812,278.5910969020296,21.34281635284424
68,1.149425287356322e-05,5.389690886230861,219.1356372407456,5.629414769469714,278.4990837650188,21.37550687789917
69,1.1363636363636363e-05,5.3861431731981435,218.35958430509802,5.6292411342996065,278.4507307272498,21.24229860305786
70,1.1235955056179776e-05,5.381467717793957,217.34103674888453,5.628867184529539,278.3466236071492,21.376391887664795
71,1.1111111111111112e-05,5.377805383904721,216.54651709066584,5.6282734870910645,278.18141897534156,21.394985914230347
72,1.0989010989010989e-05,5.373411533558553,215.5971313583964,5.628215387219289,278.1652571400735,21.37741732597351
73,1.0869565217391305e-05,5.370878412629483,215.05168888024528,5.627992450213823,278.1032507226416,21.374433040618896
74,1.075268817204301e-05,5.367480610901454,214.322225867303,5.62785098982639,278.06391291148446,21.366323471069336
75,1.0638297872340426e-05,5.363548001130694,213.48103530898405,5.627023399853315,277.83388520272655,21.37004852294922
76,1.0526315789473684e-05,5.359887901751091,212.7011016920533,5.627096707703637,277.85425335416085,21.391966581344604
77,1.0416666666666666e-05,5.3548852857553735,211.6396968723599,5.627266653248521,277.9014774592949,21.28126549720764
78,1.0309278350515465e-05,5.353269529179071,211.298014752233,5.626747248602695,277.7571716206264,21.382843255996704
79,1.0204081632653061e-05,5.349042490865926,210.4067350122923,5.626452809474507,277.6754010799807,21.287867307662964
80,1.0101010101010101e-05,5.346683262551832,209.91092258290874,5.626354538026403,277.6481148569639,21.35147976875305
81,1e-05,5.342971510993474,209.13322958335922,5.626021740866489,277.55572972649117,21.227343320846558
82,9.900990099009901e-06,5.340152517191132,208.54451448726684,5.625798839037536,277.493868941396,21.399364471435547
83,9.803921568627451e-06,5.337348024800138,207.96047233688668,5.625630628867228,277.4471955760193,21.230727910995483
84,9.70873786407767e-06,5.333192024999786,207.0979821513274,5.625456446506938,277.39887337719756,21.579920768737793
85,9.615384615384616e-06,5.3311726196347955,206.6801893635707,5.62521909494869,277.33304013546564,21.376402854919434
86,9.523809523809525e-06,5.327720323925771,205.96789845955018,5.62505919816064,277.2886990182234,21.297609329223633
87,9.433962264150944e-06,5.325098304764893,205.42855407791362,5.62579990605839,277.49416503329894,21.289231300354004
88,9.345794392523363e-06,5.321609028003228,204.7130060964449,5.625345753841713,277.36816905597595,21.539113998413086
89,9.259259259259259e-06,5.318885150945412,204.15615178134755,5.625543488830816,277.42301987064576,20.97411870956421
90,9.174311926605506e-06,5.3157064080442815,203.5082222094926,5.625116836829264,277.3046820302746,21.577555656433105
91,9.090909090909091e-06,5.312995208884185,202.95721816673205,5.625135046536805,277.30973171341054,21.246066570281982
92,9.00900900900901e-06,5.310644257743403,202.4806360932423,5.625440437285627,277.39443247278996,21.357427835464478
93,8.928571428571428e-06,5.308899094678116,202.1275825233265,5.624900888224117,277.2448049364095,21.55032205581665
94,8.849557522123894e-06,5.304610503476439,201.2625960636973,5.624826630607981,277.2242181624806,21.53371548652649
95,8.771929824561403e-06,5.3031770720899,200.97430661250021,5.624581505040654,277.1562717467689,21.495748281478882
96,8.695652173913044e-06,5.300577053279452,200.45244834952533,5.6247517437231345,277.20345848170217,21.537995100021362
97,8.620689655172412e-06,5.297774457195406,199.89144759919708,5.624769011481863,277.20824520546984,21.526737689971924
98,8.547008547008546e-06,5.295182460781641,199.37400058398472,5.624535001692225,277.14338335177365,21.580787181854248
99,8.47457627118644e-06,5.2928790485879365,198.91528858415478,5.624133680687576,277.0321822059055,21.511111736297607
100,8.403361344537815e-06,5.290146129617969,198.37241137616542,5.624553512354366,277.1485135067886,21.354610919952393
101,8.333333333333334e-06,5.2880000585552756,197.94714657193688,5.624441983269864,277.11760511043076,21.605106115341187
102,8.264462809917356e-06,5.285728617352442,197.49803152953476,5.624512629430802,277.1371830969068,21.49937915802002
103,8.196721311475409e-06,5.283895874514179,197.1363999167772,5.624507266967023,277.13569696278535,21.494783401489258
104,8.130081300813007e-06,5.2809059673067225,196.54786065114953,5.624040810788264,277.00645544967693,21.513549089431763
105,8.064516129032258e-06,5.27827367201882,196.03116898457517,5.62413351262202,277.0321356463416,21.436572074890137
106,8e-06,5.276426977399692,195.6694933346529,5.624190998859093,277.0480616391265,21.61022114753723
107,7.936507936507936e-06,5.274112001700426,195.21704711555597,5.624441744851285,277.117539040453,21.34207844734192
108,7.874015748031496e-06,5.272914588349147,194.98343151207706,5.624257146335039,277.06638827524347,21.304256200790405
109,7.8125e-06,5.269611240455666,194.34039607394712,5.624305611751119,277.07981673843824,21.562923431396484
110,7.751937984496124e-06,5.268444931527558,194.11386726188044,5.624486653531184,277.12998430275627,21.58544683456421
111,7.692307692307692e-06,5.265802991533361,193.6017069188799,5.624343817351295,277.0904029413582,21.69496464729309
112,7.633587786259541e-06,5.263074984067914,193.0742797567935,5.624463749713585,277.1236370408331,21.598525524139404
113,7.575757575757576e-06,5.262308352193947,192.92631958262817,5.624468451640645,277.1249400590245,21.302606105804443
114,7.518796992481203e-06,5.259540752113172,192.39311487401,5.624707280612383,277.19113342763416,21.414364337921143
115,7.462686567164179e-06,5.257725180728971,192.04412834097255,5.624589368945262,277.15845128582134,21.359999895095825
116,7.4074074074074075e-06,5.255482710450632,191.61395759386158,5.624370633578692,277.09783356024315,21.366588830947876
117,7.352941176470588e-06,5.253560255976525,191.2459423434097,5.624922756288872,277.25086781004836,21.41227889060974
118,7.2992700729927e-06,5.252265934674245,190.99856877123688,5.625031447801434,277.28100426398845,21.64379048347473
119,7.2463768115942025e-06,5.248578745545899,190.29561767815412,5.624918675813519,277.2497364970238,21.56874704360962
120,7.194244604316547e-06,5.2475257058904266,190.09533431814435,5.62484673593865,277.2297919030872,21.534908771514893
121,7.1428571428571436e-06,5.246169484908953,189.8376977827893,5.624568603077873,277.15269590993404,21.386148691177368
122,7.092198581560283e-06,5.243884360606224,189.40439031527754,5.62498134472331,277.2671119801956,20.94857931137085
123,7.042253521126761e-06,5.241405273179042,188.93542181972947,5.625183222723789,277.32309176071345,21.310028791427612
124,6.993006993006993e-06,5.239907680612895,188.6526853014273,5.625187404820176,277.32425155503887,21.372037172317505
125,6.944444444444445e-06,5.238377104901532,188.36415894546448,5.625706313086337,277.4681947450035,21.373520135879517
126,6.896551724137932e-06,5.236695988918455,188.04776297090254,5.625337647610023,277.36592065444734,21.557872772216797
127,6.84931506849315e-06,5.234628017729797,187.65928743154174,5.62550974283062,277.41365811132465,21.32590389251709
128,6.802721088435374e-06,5.233203773842054,187.39220507879077,5.625639012602509,277.449521629612,21.378800630569458
129,6.756756756756757e-06,5.231265423432836,187.02932512925912,5.625376994492577,277.37683435346037,21.27432918548584
130,6.7114093959731546e-06,5.230114471033139,186.8141871092474,5.625480608861954,277.4055760682333,21.349551677703857
131,6.666666666666667e-06,5.227787014550656,186.37989081735063,5.62562081071197,277.4444715697497,21.33603835105896
132,6.62251655629139e-06,5.226839780398544,186.20342900802194,5.625806659948631,277.496039204761,21.26740837097168
133,6.578947368421052e-06,5.22483462125932,185.83043558115443,5.625859092493526,277.51058940974366,21.35600519180298
134,6.5359477124183e-06,5.223546802690875,185.59127372722276,5.625908089465782,277.52418692150957,21.275224924087524
135,6.493506493506494e-06,5.221638158500501,185.23738385319797,5.626075783713919,277.5707300337721,21.371497631072998
136,6.451612903225806e-06,5.220017964803129,184.9375064067346,5.626020400250544,277.5553576311038,21.249197721481323
137,6.41025641025641e-06,5.218258740766993,184.6124459112342,5.62607394671831,277.5702201380282,21.361056089401245
138,6.369426751592357e-06,5.216666404419861,184.31871472496272,5.625735916075159,277.47640875444995,21.249146938323975
139,6.329113924050633e-06,5.2154298200819955,184.09092995572357,5.62615912468707,277.59386401252215,21.38233256340027
140,6.289308176100629e-06,5.2136856851201525,183.77013036884009,5.626215301576208,277.6094588102756,21.540834665298462
141,6.25e-06,5.212501084211556,183.55256499494405,5.6265983268862865,277.7158106257355,21.537487268447876
142,6.2111801242236025e-06,5.210185068958211,183.1279463560494,5.626456080890093,277.6763094731014,21.52843451499939
143,6.172839506172838e-06,5.209124682084569,182.93386280554716,5.626707987707169,277.746266839397,21.24352478981018
144,6.134969325153374e-06,5.207685823097033,182.67083604751105,5.62642303842013,277.6671345135687,21.364580869674683
145,6.097560975609757e-06,5.206142413677523,182.38911761784834,5.62680353492987,277.77280599166,21.29830765724182
146,6.060606060606061e-06,5.203338910130653,181.87850516604152,5.627045611866185,277.8400565210988,21.371582984924316
147,6.024096385542168e-06,5.202353924052793,181.69944557067217,5.627131477731173,277.8639145221596,21.257726669311523
148,5.988023952095808e-06,5.201032271311582,181.45946062367176,5.6269153454264655,277.80386564340387,21.490511894226074
149,5.9523809523809525e-06,5.200674669206858,181.3945819396991,5.626946589985832,277.8125456383768,21.540923833847046
150,5.91715976331361e-06,5.1986278902809575,181.02368703153584,5.627229901610828,277.891264312557,21.527175903320312
151,5.882352941176471e-06,5.196146820667064,180.57511136608176,5.627047116639184,277.8404746076283,21.16788959503174
152,5.8479532163742686e-06,5.196525478444827,180.64350048368954,5.627216331294326,277.88749326573446,21.523996829986572
153,5.813953488372093e-06,5.193642985146001,180.12354654595404,5.627372460287125,277.930882947275,21.509350061416626
154,5.780346820809249e-06,5.192307311102211,179.88312080111447,5.627608533765449,277.996502802795,21.514850854873657
155,5.74712643678161e-06,5.191337116382134,179.70868377970362,5.6274901765291805,277.96360185210216,21.417970657348633
156,5.7142857142857145e-06,5.190986401425422,179.64566830733136,5.627650280467799,278.00810848229963,21.550860166549683
157,5.6818181818181815e-06,5.188677412772465,179.23134701331713,5.627903070606169,278.0783950740151,21.371223211288452
158,5.649717514124293e-06,5.188112011086675,179.13003795042567,5.6280009785636524,278.1056224945659,21.265758514404297
159,5.617977528089888e-06,5.1870957054772875,178.94807956637177,5.627944160680302,278.0898215706398,21.405786514282227
160,5.58659217877095e-06,5.185117811117941,178.59448896688014,5.628030495565445,278.11383145987514,21.254141807556152
161,5.555555555555556e-06,5.183768016396419,178.3535856899416,5.628066852444508,278.1239429946221,21.35439944267273
162,5.524861878453038e-06,5.183162210736021,178.24557079949784,5.628386935249704,278.21297993532465,21.275839805603027
163,5.494505494505495e-06,5.182289910766314,178.0901549879476,5.628507602410238,278.24655313118745,21.751755952835083
164,5.46448087431694e-06,5.179806392352331,177.64841357220618,5.628670825332891,278.29197305349317,21.19754910469055
165,5.434782608695652e-06,5.178585052081283,177.4315768532853,5.628877401351929,278.34946743969283,20.982865810394287
166,5.405405405405406e-06,5.178481745679014,177.41324798219281,5.6287859815065975,278.3240219375611,20.982765436172485
167,5.376344086021505e-06,5.176823391922547,177.11927787654045,5.628894106286471,278.3541172881639,21.567296981811523
168,5.347593582887701e-06,5.17568910387736,176.91848749566557,5.629043989494199,278.3958410229128,21.410776376724243
169,5.319148936170213e-06,5.173917408054934,176.60531925181138,5.629175670811387,278.432502967752,21.270335912704468
170,5.291005291005291e-06,5.172839224031818,176.41500883146006,5.629152571568723,278.42607146208223,21.420969009399414
171,5.263157894736842e-06,5.1714797228523635,176.1753353739689,5.628860567436844,278.3447817678332,21.405137538909912
172,5.235602094240837e-06,5.170246547532122,175.95821420010216,5.6292796447628834,278.4614542003716,21.32586359977722
173,5.208333333333334e-06,5.169636159981913,175.85084426876554,5.629459537443568,278.51155188380307,21.678024291992188
174,5.1813471502590676e-06,5.168800018254929,175.7038694945808,5.629052048823873,278.3980847158167,21.554396629333496
175,5.154639175257732e-06,5.1665595759658425,175.31065576582296,5.629461331445663,278.5120515345589,21.53233313560486
176,5.128205128205129e-06,5.166363820817009,175.27634116105122,5.629783884423678,278.6019009160082,21.56012773513794
177,5.102040816326531e-06,5.16497865835553,175.0337230244493,5.62965693630156,278.56653517272315,21.388872385025024
178,5.076142131979696e-06,5.163209656294991,174.7243617188243,5.62979055232689,278.60375861271166,21.520936965942383
179,5.050505050505051e-06,5.16172196771023,174.4646195360612,5.629969284182689,278.6535584297954,21.61943531036377
180,5.025125628140703e-06,5.161073294143939,174.35148564656384,5.630055607342329,278.6776137236535,21.70963191986084
181,5e-06,5.159861011325188,174.14025040039053,5.63001974293443,278.6676192952659,21.693920850753784
182,4.975124378109453e-06,5.159909324416984,174.14866385753186,5.630355596542358,278.76122653890434,21.639350414276123
183,4.950495049504951e-06,5.158259336576249,173.8615576057352,5.630325692598937,278.7528906035972,21.554523944854736
184,4.926108374384236e-06,5.156847351411194,173.61624089815592,5.630042904713115,278.6740738077392,21.5683696269989
185,4.901960784313726e-06,5.156091546112636,173.4850703992925,5.6304271729266056,278.7811799736571,21.379007816314697
186,4.8780487804878055e-06,5.154418527773273,173.19506935108734,5.630638087382082,278.8399851556419,21.256670713424683
187,4.854368932038835e-06,5.153804654322603,173.08878212301732,5.630698098510992,278.85671916004446,21.32010293006897
188,4.830917874396135e-06,5.152690032743058,172.89596111247855,5.630908266442721,278.9153320590192,21.23956322669983
189,4.807692307692308e-06,5.151516840347499,172.69323982446713,5.631438255310059,279.06319325887415,21.36618661880493
190,4.784688995215311e-06,5.150432663143806,172.5061112092368,5.631091512617518,278.96644690986864,21.429484367370605
191,4.761904761904762e-06,5.149734337170374,172.3856877635074,5.631442773537557,279.06445413271626,21.362903594970703
192,4.739336492890995e-06,5.149204951412273,172.29445338672548,5.631407096737721,279.05449818364406,21.243576765060425
193,4.716981132075471e-06,5.148185565173114,172.11890828119365,5.631678596871798,279.1302718031242,21.365238666534424
194,4.6948356807511736e-06,5.146632172844627,171.8517476458449,5.631614239489446,279.11230828754424,21.348356246948242
195,4.672897196261682e-06,5.146365883828845,171.80599150555307,5.631491856496842,279.078151778114,21.243287324905396
196,4.651162790697674e-06,5.144308821414797,171.4529391078228,5.631611401917504,279.11151628741334,21.230302572250366
197,4.6296296296296296e-06,5.143918247615494,171.3859871576836,5.631966868384939,279.2107487079826,21.414327383041382
198,4.608294930875576e-06,5.143201027276381,171.2631097122241,5.632241765006643,279.28751335023287,21.25699234008789
199,4.587155963302753e-06,5.141064703566746,170.89762680426264,5.632472069537053,279.3518419371426,21.35319709777832
200,4.566210045662101e-06,5.140847086701958,170.86044064483215,5.632745168248161,279.4281429835056,21.159866094589233
201,4.5454545454545455e-06,5.139238625815966,170.58583921112717,5.632776549605072,279.4369119553821,21.253037691116333
202,4.5248868778280546e-06,5.138705250738416,170.49487723649057,5.632834797999898,279.45318918101503,21.36348605155945
203,4.504504504504504e-06,5.137835080995773,170.34658228329172,5.63283507550349,279.4532667302895,21.234049797058105
204,4.484304932735426e-06,5.136676856215986,170.1493968651014,5.632762748686994,279.43305549606345,21.377522468566895
205,4.464285714285714e-06,5.136297292611203,170.08482660171182,5.632621663515685,279.3936344164898,21.24893593788147
206,4.444444444444445e-06,5.134805302268236,169.83125089622786,5.633152051050155,279.5418606225857,21.232919931411743
207,4.424778761061947e-06,5.13396946030252,169.68935811786903,5.633545687941254,279.6519202718811,21.6475670337677
208,4.405286343612335e-06,5.13331401491247,169.57817245239653,5.633338732797592,279.5940508569389,21.42025661468506
209,4.3859649122807014e-06,5.1339115086386995,169.6795246221699,5.633544308240296,279.651534436125,21.375078678131104
210,4.3668122270742355e-06,5.132352713246288,169.41523500123915,5.633833666316798,279.7324655746949,21.251831531524658
211,4.347826086956522e-06,5.130637835065865,169.1249574777374,5.633606578482956,279.66894894723185,21.363731861114502
212,4.329004329004329e-06,5.129491992920995,168.93127795797935,5.633522088410424,279.64532069564075,21.298673391342163
213,4.310344827586206e-06,5.128562227939455,168.77428456623585,5.634086839488296,279.80329529588954,21.35677194595337
214,4.2918454935622316e-06,5.127399602026309,168.57817723135094,5.633932500589089,279.76011409565433,21.35513687133789
215,4.273504273504273e-06,5.126946831649205,168.50186730321542,5.63396734487815,279.76986230777146,21.23475408554077
216,4.255319148936171e-06,5.125884905483056,168.32302573635732,5.634301611634552,279.8633957038655,21.378984689712524
217,4.23728813559322e-06,5.124927670837062,168.1619781968435,5.634482055413918,279.9138998691368,21.248021841049194
218,4.219409282700422e-06,5.124336640176397,168.06261867692476,5.634927276705132,280.03855124372916,21.57050919532776
219,4.201680672268908e-06,5.1231252231074444,167.85914802080293,5.634229069850484,279.84309465019214,21.405168533325195
220,4.184100418410042e-06,5.122317137889961,167.72355831606424,5.6345956286445995,279.94569240041363,21.58241081237793
221,4.166666666666667e-06,5.121934132551452,167.65933159820858,5.634648252706059,279.96042466736833,21.353747367858887
222,4.149377593360996e-06,5.120651210356331,167.44437563585245,5.634943391455979,280.043064031571,21.37788987159729
223,4.132231404958678e-06,5.120094949957846,167.3512588617251,5.634871205345529,280.02284954163184,21.373087882995605
224,4.11522633744856e-06,5.11892227202296,167.15512475662786,5.635115893160711,280.09137610435255,21.246464729309082
225,4.098360655737704e-06,5.118453778697123,167.07683203754016,5.63543707034627,280.18134951215865,21.349074602127075
226,4.081632653061225e-06,5.116569773001696,166.76235466600613,5.635265616119885,280.1333153535781,21.27126932144165
227,4.065040650406504e-06,5.1166699357957,166.779058885941,5.635331908210379,280.15188659222605,21.3771870136261
228,4.048582995951417e-06,5.1152362864381455,166.54012750814766,5.63579562843823,280.2818288149997,21.2446072101593
229,4.032258064516129e-06,5.1147677914765035,166.46212257138558,5.636046350979414,280.35211059761315,21.342336654663086
230,4.016064257028112e-06,5.113765323141632,166.2953331790622,5.635712584511179,280.2585540776799,21.376339435577393
231,4e-06,5.113957497104363,166.3272938831322,5.636014047216197,280.34305431569175,21.265941381454468
232,3.98406374501992e-06,5.112904233752556,166.1521996664276,5.636168116428813,280.3862498768002,21.362675428390503
233,3.968253968253968e-06,5.1114182472229,165.90548309000425,5.636410365339185,280.4541813681489,21.34821343421936
234,3.952569169960475e-06,5.1115037241685455,165.91966479006012,5.636452573244689,280.46601900155343,21.340043306350708
235,3.937007874015748e-06,5.110290108986621,165.718424304845,5.636406452929387,280.45308411860833,21.25653862953186
236,3.92156862745098e-06,5.109736497365385,165.6267060497855,5.636368083172157,280.44232340830047,21.37025213241577
237,3.90625e-06,5.109553726418759,165.59643706616384,5.636487585599305,280.47583894917705,21.36308765411377
238,3.891050583657587e-06,5.107746977339887,165.29751597504813,5.63666922928857,280.5267902426639,21.259949207305908
239,3.875968992248062e-06,5.1075611453931495,165.26680126983877,5.636739273540309,280.5464402199551,21.349356174468994
240,3.861003861003861e-06,5.106807864959612,165.1423558991448,5.637011305230563,280.6227681236165,21.43822431564331
241,3.846153846153846e-06,5.105440589207932,164.9167150521298,5.637016921746926,280.6243442504117,21.135117769241333
242,3.8314176245210725e-06,5.1050248432323,164.84816584204896,5.637210787319746,280.6787529234709,21.44313383102417
243,3.816793893129771e-06,5.1043749959759195,164.74107451402867,5.637073329237641,280.64017401195866,21.36469578742981
244,3.802281368821293e-06,5.103183697672692,164.5449356046597,5.637759576078321,280.83282854146285,21.233466148376465
245,3.787878787878788e-06,5.102969974023809,164.5097722183746,5.637708124567251,280.8183796397883,21.382680654525757
246,3.7735849056603777e-06,5.102328471826648,164.4042726807526,5.637674929665738,280.80905805604857,21.34313702583313
247,3.7593984962406014e-06,5.101638485187118,164.29087505504353,5.637779317918371,280.83837275297094,21.37180995941162
248,3.745318352059925e-06,5.100048048827497,164.02978854957217,5.637822753093282,280.8505712817339,21.262112140655518
249,3.7313432835820897e-06,5.100006749658601,164.02301439551528,5.637848017645664,280.85766693533736,21.378225564956665
250,3.7174721189591075e-06,5.099201693951981,163.89101987036108,5.638194361671072,280.9549571572416,21.50834012031555
251,3.7037037037037037e-06,5.098488646142479,163.7741993918882,5.638370705432579,281.0045061799029,21.656392812728882
252,3.690036900369004e-06,5.098065813041674,163.70496487768122,5.638435633456121,281.0227518394163,21.66741371154785
253,3.676470588235294e-06,5.097319604193163,163.5828523507346,5.638412213716351,281.0161704367665,21.67670702934265
254,3.663003663003663e-06,5.0958744154581685,163.34661500017455,5.638565204182609,281.0591665206193,21.509361267089844
255,3.64963503649635e-06,5.095766630630755,163.32900966227936,5.63853841140622,281.0516362660972,21.34892439842224
256,3.6363636363636366e-06,5.095312365536829,163.25483184383674,5.638835105739656,281.13503506534425,21.5313937664032
257,3.6231884057971013e-06,5.094590274997273,163.13698962572133,5.638915448892312,281.157623247774,21.74377703666687
258,3.6101083032490973e-06,5.0933633729892165,162.93695925948217,5.6389926222504165,281.1793219629874,21.639944076538086
259,3.5971223021582737e-06,5.092565067431939,162.80693768479733,5.639149044380813,281.2233080716631,21.3724148273468
260,3.5842293906810035e-06,5.092032585912872,162.7202690760683,5.63932785831514,281.27359921404815,21.26623034477234
261,3.5714285714285718e-06,5.09240220382324,162.78042451847836,5.639377551000626,281.2875768018386,21.266507387161255
262,3.5587188612099643e-06,5.090831171791509,162.52489203483702,5.639377187510005,281.2874745564613,21.396481037139893
263,3.5460992907801415e-06,5.0903290716697995,162.44330874996817,5.639729128509272,281.38648857386187,21.57366132736206
264,3.53356890459364e-06,5.090024175202253,162.39378790870217,5.639785364025929,281.40231293336865,21.56175708770752
265,3.5211267605633804e-06,5.088582372583615,162.15981683063288,5.6399643147578,281.4526745892114,21.657692432403564
266,3.5087719298245615e-06,5.0872254907369205,161.93993432993486,5.640102355206599,281.4915291244144,21.525224447250366
267,3.4965034965034966e-06,5.087551402391332,161.99272104328293,5.6402020258981675,281.5195869780425,21.330217599868774
268,3.484320557491289e-06,5.087040688120481,161.9100101714811,5.64036832090284,281.56640617186554,21.28095555305481
269,3.4722222222222224e-06,5.085861061694896,161.71912945102164,5.640164621540757,281.50905711572574,21.351149320602417
270,3.4602076124567473e-06,5.086036679675199,161.7475327319026,5.640190812407947,281.51643017860636,21.556792497634888
271,3.448275862068966e-06,5.085372206686292,161.6400915652096,5.6403734371310374,281.5678467335374,21.50716471672058
272,3.4364261168384878e-06,5.084544066090526,161.50628625593262,5.640637542380661,281.642220100751,20.989149570465088
273,3.424657534246575e-06,5.082717480013342,161.2115503842464,5.640682134471956,281.6547793963628,21.52746605873108
274,3.4129692832764506e-06,5.083670209652359,161.36521459505016,5.640923476610028,281.72276276631635,21.784279346466064
275,3.401360544217687e-06,5.081891670439705,161.07847529746135,5.640998027363762,281.7437661935255,21.545774459838867
276,3.3898305084745763e-06,5.0817580492991326,161.05695324580296,5.641039156522907,281.7553543160267,21.534656047821045
277,3.3783783783783783e-06,5.080859639018928,160.91232300168562,5.64132881946251,281.83698022163594,21.524675130844116
278,3.3670033670033667e-06,5.080600028177068,160.87055384014377,5.6412965782353135,281.827893598007,21.547571659088135
279,3.3557046979865773e-06,5.079179136462727,160.64213651967984,5.641083299136553,281.76779200828906,21.600337743759155
280,3.3444816053511705e-06,5.080254480319407,160.81497496803672,5.641295550299472,281.827603897163,21.675381422042847
281,3.3333333333333333e-06,5.078262103769424,160.4948899538455,5.641502341286081,281.88588933167006,20.937076091766357
282,3.3222591362126247e-06,5.077762407872116,160.41471134992483,5.641640635787463,281.924875295892,20.851296186447144
283,3.311258278145695e-06,5.07797743975605,160.44920933646765,5.6417028356771,281.9424115373918,21.523759365081787
284,3.3003300330033004e-06,5.076140923524598,160.15481217452577,5.641875372558344,281.99106119857845,21.52903985977173
285,3.289473684210526e-06,5.07636771398384,160.19113787693442,5.641496795122741,281.88432595081997,21.315223455429077
286,3.278688524590164e-06,5.076018734207284,160.13524416288698,5.641906636660217,281.9998775336596,21.71813702583313
287,3.26797385620915e-06,5.075665731577276,160.07872597666162,5.64216531691004,282.0728347683212,21.550623893737793
288,3.257328990228013e-06,5.07453917720919,159.89849013047672,5.642270877713063,282.1026121749062,21.523152828216553
289,3.246753246753247e-06,5.074513761297916,159.8944262162829,5.642145661057019,282.0672904406293,20.96003746986389
290,3.2362459546925567e-06,5.073702301414712,159.76473093223717,5.642454612450521,282.15444898625606,20.91197943687439
291,3.225806451612903e-06,5.073053878944489,159.66116947016963,5.642458567853834,282.1555650231054,21.063519716262817
292,3.215434083601286e-06,5.072953284297963,159.6451092190641,5.642682704769197,282.2188135890068,21.14288640022278
293,3.205128205128205e-06,5.072318855321632,159.54385785764097,5.642818814418355,282.25722890699853,20.920759439468384
294,3.1948881789137383e-06,5.071557353741104,159.42241120449674,5.642956948671185,282.29622099142864,20.83580994606018
295,3.1847133757961785e-06,5.070644456771798,159.27694137805312,5.643079347297793,282.3307757758607,20.90298318862915
296,3.1746031746031746e-06,5.069917192589971,159.16114707522613,5.643342577043127,282.4051034162617,20.913414478302002
297,3.1645569620253167e-06,5.069530289128141,159.0995789876551,5.643403991324003,282.4224476551902,20.92400360107422
298,3.1545741324921135e-06,5.0682244840657935,158.89196153545686,5.643173929120674,282.3574803981548,21.134129524230957
299,3.1446540880503146e-06,5.068514222346285,158.93800528917293,5.643450185900829,282.43549434198655,20.948070764541626
300,3.134796238244514e-06,5.0670060023639865,158.69847249312986,5.643599127159744,282.4775637729355,20.856589317321777
