count,loss,time,lr
2000,0.7166956067085266,18.3556,0.015
4000,0.6081660389900208,18.7752,0.015
6000,0.5695634484291077,19.3615,0.015
8000,0.5353702902793884,19.2995,0.015
10000,0.5380978584289551,18.5909,0.015
12000,0.5057092905044556,19.087,0.015
14000,0.5271629095077515,18.1165,0.015
16000,0.47217750549316406,83.6725,0.014285714285714285
18000,0.4749586284160614,18.6435,0.014285714285714285
20000,0.49133142828941345,19.1,0.014285714285714285
22000,0.4585346579551697,19.36,0.014285714285714285
24000,0.4611482322216034,17.9134,0.014285714285714285
26000,0.4432156980037689,17.3283,0.014285714285714285
28000,0.4449344873428345,19.2331,0.014285714285714285
30000,0.4275965392589569,82.5083,0.013636363636363634
32000,0.4000222980976105,18.4195,0.013636363636363634
34000,0.4132671356201172,18.5823,0.013636363636363634
36000,0.41457515954971313,17.9881,0.013636363636363634
38000,0.39947745203971863,17.1777,0.013636363636363634
40000,0.3998029828071594,18.7229,0.013636363636363634
42000,0.4115664064884186,19.5107,0.013636363636363634
44000,0.38874125480651855,82.4335,0.013043478260869566
46000,0.38009217381477356,18.1183,0.013043478260869566
48000,0.37580975890159607,17.9209,0.013043478260869566
50000,0.37913525104522705,17.8392,0.013043478260869566
52000,0.36229556798934937,17.8907,0.013043478260869566
54000,0.37971746921539307,18.7662,0.013043478260869566
56000,0.37240344285964966,18.7434,0.013043478260869566
58000,0.3429795801639557,83.1483,0.0125
60000,0.3569105267524719,18.313,0.0125
62000,0.35131847858428955,18.1403,0.0125
64000,0.3627512753009796,18.2815,0.0125
66000,0.3493266701698303,17.5618,0.0125
68000,0.34130024909973145,18.2496,0.0125
70000,0.36270251870155334,18.0877,0.0125
72000,0.3422546684741974,83.2074,0.012
74000,0.35350558161735535,17.9553,0.012
76000,0.34141063690185547,18.9293,0.012
78000,0.328350692987442,18.0473,0.012
80000,0.32713332772254944,18.229,0.012
82000,0.334979772567749,18.1064,0.012
84000,0.33804067969322205,16.8082,0.012
86000,0.3180260956287384,82.1171,0.011538461538461537
88000,0.3333965241909027,18.6274,0.011538461538461537
90000,0.31267836689949036,17.9376,0.011538461538461537
92000,0.32170382142066956,19.5136,0.011538461538461537
94000,0.33035364747047424,18.4302,0.011538461538461537
96000,0.3105241656303406,18.5229,0.011538461538461537
98000,0.332815021276474,18.1278,0.011538461538461537
100000,0.30012109875679016,83.5287,0.01111111111111111
102000,0.3169059157371521,18.1423,0.01111111111111111
104000,0.3038867115974426,18.585,0.01111111111111111
106000,0.3040385842323303,17.4109,0.01111111111111111
108000,0.30977189540863037,17.4052,0.01111111111111111
110000,0.2970084547996521,19.3517,0.01111111111111111
112000,0.3136116564273834,18.5261,0.01111111111111111
114000,0.31150344014167786,80.3426,0.010714285714285714
116000,0.3061547875404358,18.1119,0.010714285714285714
118000,0.2876242399215698,19.4039,0.010714285714285714
120000,0.29155218601226807,17.2642,0.010714285714285714
122000,0.2966938316822052,18.5666,0.010714285714285714
124000,0.29970425367355347,17.3104,0.010714285714285714
126000,0.30077674984931946,19.5164,0.010714285714285714
128000,0.27281060814857483,83.3575,0.010344827586206895
130000,0.28210052847862244,18.1217,0.010344827586206895
132000,0.2844994366168976,17.3386,0.010344827586206895
134000,0.2779804468154907,17.7302,0.010344827586206895
136000,0.28932103514671326,18.681,0.010344827586206895
138000,0.2938272953033447,18.5519,0.010344827586206895
140000,0.283469021320343,18.8027,0.010344827586206895
142000,0.28766846656799316,81.9841,0.01
144000,0.26772835850715637,17.6878,0.01
146000,0.2755177617073059,18.9548,0.01
148000,0.2752460837364197,17.1064,0.01
150000,0.28682178258895874,18.5908,0.01
152000,0.28707265853881836,19.8045,0.01
154000,0.2671343982219696,18.6996,0.01
156000,0.27445188164711,82.18,0.009677419354838708
158000,0.25832727551460266,18.1593,0.009677419354838708
160000,0.27171555161476135,18.2362,0.009677419354838708
162000,0.2680884599685669,19.0643,0.009677419354838708
164000,0.27734076976776123,18.5507,0.009677419354838708
166000,0.26547151803970337,18.0443,0.009677419354838708
168000,0.27326422929763794,17.07,0.009677419354838708
170000,0.2608237862586975,83.5319,0.009375
172000,0.2533394992351532,18.0204,0.009375
174000,0.26987725496292114,18.9815,0.009375
176000,0.25794264674186707,17.7281,0.009375
178000,0.255425363779068,17.7044,0.009375
180000,0.27255308628082275,18.5391,0.009375
182000,0.2515381872653961,17.9171,0.009375
184000,0.24478396773338318,82.2936,0.00909090909090909
186000,0.25050100684165955,18.9678,0.00909090909090909
188000,0.2546606659889221,18.9718,0.00909090909090909
190000,0.24651303887367249,17.1997,0.00909090909090909
192000,0.2586897909641266,17.9087,0.00909090909090909
194000,0.25929856300354004,17.8557,0.00909090909090909
196000,0.25832080841064453,17.7087,0.00909090909090909
198000,0.2385059893131256,81.4774,0.008823529411764704
200000,0.2315445840358734,17.9765,0.008823529411764704
202000,0.25713109970092773,18.4009,0.008823529411764704
204000,0.24116827547550201,18.1179,0.008823529411764704
206000,0.26490524411201477,22.7101,0.008823529411764704
208000,0.2476213425397873,17.2451,0.008823529411764704
210000,0.25016605854034424,18.8422,0.008823529411764704
212000,0.2539358139038086,81.9156,0.008571428571428572
214000,0.24212534725666046,19.1824,0.008571428571428572
216000,0.23943161964416504,18.4015,0.008571428571428572
218000,0.23017437756061554,17.7684,0.008571428571428572
220000,0.23715971410274506,17.9918,0.008571428571428572
222000,0.2440924495458603,17.6341,0.008571428571428572
224000,0.23674041032791138,19.0929,0.008571428571428572
226000,0.23257017135620117,82.0422,0.008333333333333333
228000,0.22798176109790802,18.0151,0.008333333333333333
230000,0.23857735097408295,18.0888,0.008333333333333333
232000,0.23602157831192017,18.2415,0.008333333333333333
234000,0.23864324390888214,19.1292,0.008333333333333333
236000,0.22646567225456238,17.5582,0.008333333333333333
238000,0.2392159402370453,18.6832,0.008333333333333333
240000,0.22259089350700378,81.8608,0.008108108108108107
242000,0.23271264135837555,18.8166,0.008108108108108107
244000,0.23103465139865875,18.2654,0.008108108108108107
246000,0.24158070981502533,18.2738,0.008108108108108107
248000,0.21718239784240723,18.2208,0.008108108108108107
250000,0.22363613545894623,18.2839,0.008108108108108107
252000,0.22321592271327972,17.9466,0.008108108108108107
254000,0.21424952149391174,80.4268,0.007894736842105262
256000,0.21202920377254486,18.4515,0.007894736842105262
258000,0.21586111187934875,18.7025,0.007894736842105262
260000,0.23508097231388092,19.5019,0.007894736842105262
262000,0.2213606983423233,17.8623,0.007894736842105262
264000,0.2314823567867279,17.7375,0.007894736842105262
266000,0.22630469501018524,17.5299,0.007894736842105262
268000,0.22469161450862885,81.5466,0.007692307692307691
270000,0.2149852216243744,18.0393,0.007692307692307691
272000,0.23011928796768188,18.6583,0.007692307692307691
274000,0.2154521346092224,18.2574,0.007692307692307691
276000,0.22145333886146545,19.9778,0.007692307692307691
278000,0.20447927713394165,17.6648,0.007692307692307691
280000,0.21410544216632843,17.5361,0.007692307692307691
282000,0.20424076914787292,83.848,0.0075
284000,0.21144545078277588,18.5476,0.0075
286000,0.2198684811592102,18.2372,0.0075
288000,0.20465677976608276,18.1478,0.0075
290000,0.21251285076141357,18.2766,0.0075
292000,0.20953047275543213,17.9116,0.0075
294000,0.20909279584884644,18.8566,0.0075
296000,0.2073049694299698,82.3873,0.007317073170731708
298000,0.19468940794467926,16.8969,0.007317073170731708
300000,0.20313073694705963,17.466,0.007317073170731708
302000,0.20729202032089233,19.728,0.007317073170731708
304000,0.20230528712272644,18.1134,0.007317073170731708
306000,0.20689353346824646,18.4404,0.007317073170731708
308000,0.21901057660579681,17.7279,0.007317073170731708
310000,0.19926555454730988,81.3113,0.007142857142857143
312000,0.2054191380739212,18.124,0.007142857142857143
314000,0.19885072112083435,18.1812,0.007142857142857143
316000,0.19992808997631073,18.4226,0.007142857142857143
318000,0.2180468887090683,18.8067,0.007142857142857143
320000,0.20838281512260437,19.5403,0.007142857142857143
322000,0.19975563883781433,17.8369,0.007142857142857143
324000,0.18629693984985352,81.1926,0.00697674418604651
326000,0.20273607969284058,18.7248,0.00697674418604651
328000,0.1831831932067871,17.9394,0.00697674418604651
330000,0.20750699937343597,17.8319,0.00697674418604651
332000,0.1994880735874176,18.0071,0.00697674418604651
334000,0.20908017456531525,18.9389,0.00697674418604651
336000,0.2024986296892166,17.3042,0.00697674418604651
338000,0.19066454470157623,81.0582,0.006818181818181817
340000,0.1950046867132187,17.5618,0.006818181818181817
342000,0.19384640455245972,17.9016,0.006818181818181817
344000,0.1935454159975052,18.5328,0.006818181818181817
346000,0.1939905732870102,19.0994,0.006818181818181817
348000,0.1973588764667511,18.8808,0.006818181818181817
350000,0.19332318007946014,17.663,0.006818181818181817
352000,0.19500580430030823,81.3465,0.006666666666666666
354000,0.1820877343416214,18.5301,0.006666666666666666
356000,0.18684621155261993,17.8956,0.006666666666666666
358000,0.1943163424730301,18.5302,0.006666666666666666
360000,0.18970191478729248,18.3816,0.006666666666666666
362000,0.18800625205039978,17.8825,0.006666666666666666
364000,0.18979451060295105,18.47,0.006666666666666666
366000,0.1933651566505432,83.1698,0.006521739130434783
368000,0.18198201060295105,18.6309,0.006521739130434783
370000,0.1839001178741455,17.4456,0.006521739130434783
372000,0.18337036669254303,18.7328,0.006521739130434783
374000,0.19519400596618652,18.952,0.006521739130434783
376000,0.18408045172691345,17.784,0.006521739130434783
378000,0.189241424202919,17.5655,0.006521739130434783
380000,0.1882493644952774,82.4536,0.006382978723404255
382000,0.18413029611110687,17.2441,0.006382978723404255
384000,0.17750324308872223,18.0623,0.006382978723404255
386000,0.17954301834106445,18.0837,0.006382978723404255
388000,0.1812918782234192,18.7316,0.006382978723404255
390000,0.19015386700630188,17.7031,0.006382978723404255
392000,0.1826252043247223,19.8313,0.006382978723404255
394000,0.1868138164281845,81.4509,0.006249999999999999
396000,0.1739514172077179,18.8093,0.006249999999999999
398000,0.1709965467453003,18.0795,0.006249999999999999
400000,0.17884644865989685,18.4022,0.006249999999999999
402000,0.16867338120937347,16.334,0.006249999999999999
404000,0.18270017206668854,18.0665,0.006249999999999999
406000,0.18359050154685974,19.2948,0.006249999999999999
408000,0.18076494336128235,82.4078,0.006122448979591836
410000,0.176031693816185,18.891,0.006122448979591836
412000,0.16992706060409546,17.3249,0.006122448979591836
414000,0.17939893901348114,18.1948,0.006122448979591836
416000,0.17727385461330414,19.2888,0.006122448979591836
418000,0.18576134741306305,18.1848,0.006122448979591836
420000,0.170949324965477,16.9787,0.006122448979591836
422000,0.17370371520519257,81.6414,0.006
424000,0.17503364384174347,19.1777,0.006
426000,0.18319959938526154,18.1659,0.006
428000,0.16882693767547607,18.5859,0.006
430000,0.1676170825958252,17.3599,0.006
432000,0.1762542873620987,18.896,0.006
434000,0.1745450794696808,17.8116,0.006
436000,0.1693756878376007,82.8718,0.00588235294117647
438000,0.15933409333229065,17.4486,0.00588235294117647
440000,0.16659526526927948,17.8848,0.00588235294117647
442000,0.1645713448524475,17.6914,0.00588235294117647
444000,0.1672147512435913,19.4485,0.00588235294117647
446000,0.1794595867395401,20.3468,0.00588235294117647
448000,0.17359097301959991,18.353,0.00588235294117647
450000,0.16488640010356903,81.3657,0.005769230769230769
452000,0.16653400659561157,17.6058,0.005769230769230769
454000,0.15820738673210144,18.8003,0.005769230769230769
456000,0.15741661190986633,18.7331,0.005769230769230769
458000,0.1694553941488266,17.4176,0.005769230769230769
460000,0.16553886234760284,17.4107,0.005769230769230769
462000,0.1822083592414856,19.4333,0.005769230769230769
464000,0.1637764871120453,81.7006,0.005660377358490565
466000,0.17005933821201324,18.3451,0.005660377358490565
468000,0.16587227582931519,19.4461,0.005660377358490565
470000,0.15504680573940277,17.837,0.005660377358490565
472000,0.1598716378211975,17.5696,0.005660377358490565
474000,0.1588314026594162,17.3772,0.005660377358490565
476000,0.16407334804534912,18.0927,0.005660377358490565
478000,0.16940096020698547,82.1697,0.005555555555555555
480000,0.1596921980381012,18.477,0.005555555555555555
482000,0.15030567348003387,18.2146,0.005555555555555555
484000,0.16349384188652039,19.8072,0.005555555555555555
486000,0.15626834332942963,18.6672,0.005555555555555555
488000,0.16905291378498077,18.0357,0.005555555555555555
490000,0.16217099130153656,17.261,0.005555555555555555
492000,0.1660977154970169,80.96,0.005454545454545454
494000,0.163474440574646,18.701,0.005454545454545454
496000,0.15459699928760529,18.3193,0.005454545454545454
498000,0.15188248455524445,17.2926,0.005454545454545454
500000,0.16472703218460083,19.2115,0.005454545454545454
502000,0.15765871107578278,17.3144,0.005454545454545454
504000,0.1636054962873459,18.3185,0.005454545454545454
506000,0.15765389800071716,82.8738,0.005357142857142856
508000,0.15728333592414856,17.7001,0.005357142857142856
510000,0.14791390299797058,18.1536,0.005357142857142856
512000,0.1557023674249649,19.1997,0.005357142857142856
514000,0.14593349397182465,17.0174,0.005357142857142856
516000,0.16484816372394562,18.5943,0.005357142857142856
518000,0.15395759046077728,17.181,0.005357142857142856
520000,0.16016574203968048,84.277,0.005263157894736842
522000,0.1517382264137268,19.0622,0.005263157894736842
524000,0.16292469203472137,19.6811,0.005263157894736842
526000,0.15269938111305237,17.5152,0.005263157894736842
528000,0.15202084183692932,18.5821,0.005263157894736842
530000,0.1606779545545578,16.8449,0.005263157894736842
532000,0.14871245622634888,18.5376,0.005263157894736842
534000,0.14400692284107208,80.6559,0.005172413793103447
536000,0.14220288395881653,18.2876,0.005172413793103447
538000,0.16224336624145508,18.409,0.005172413793103447
540000,0.1415383219718933,17.4547,0.005172413793103447
542000,0.15816833078861237,18.0151,0.005172413793103447
544000,0.14855384826660156,18.0538,0.005172413793103447
546000,0.15397141873836517,18.4572,0.005172413793103447
548000,0.1485813856124878,83.7974,0.005084745762711864
550000,0.1499946266412735,18.9043,0.005084745762711864
552000,0.15625768899917603,18.6764,0.005084745762711864
554000,0.14967933297157288,17.8522,0.005084745762711864
556000,0.14617902040481567,18.6401,0.005084745762711864
558000,0.15321485698223114,17.9185,0.005084745762711864
560000,0.1507522165775299,17.637,0.005084745762711864
562000,0.1533009111881256,80.9351,0.005
564000,0.1346803605556488,17.9286,0.005
566000,0.14921879768371582,18.4575,0.005
568000,0.15422463417053223,18.7994,0.005
570000,0.1510103940963745,18.5234,0.005
572000,0.15016064047813416,18.1383,0.005
574000,0.15234921872615814,17.0955,0.005
576000,0.14938843250274658,81.8166,0.0049180327868852455
578000,0.13286656141281128,17.7236,0.0049180327868852455
580000,0.14372052252292633,17.6535,0.0049180327868852455
582000,0.15083327889442444,19.391,0.0049180327868852455
584000,0.14625179767608643,17.8803,0.0049180327868852455
586000,0.150554820895195,18.3771,0.0049180327868852455
588000,0.14490553736686707,17.1902,0.0049180327868852455
590000,0.13547152280807495,83.166,0.004838709677419354
592000,0.1433289498090744,19.9443,0.004838709677419354
594000,0.13891200721263885,17.7237,0.004838709677419354
596000,0.14613060653209686,18.378,0.004838709677419354
598000,0.14779765903949738,17.6766,0.004838709677419354
600000,0.1511376053094864,17.2822,0.004838709677419354
602000,0.142604798078537,19.4802,0.004838709677419354
604000,0.14296306669712067,79.0569,0.0047619047619047615
606000,0.14466840028762817,16.7156,0.0047619047619047615
608000,0.13911966979503632,18.5199,0.0047619047619047615
610000,0.13214394450187683,18.3379,0.0047619047619047615
612000,0.15111154317855835,17.8957,0.0047619047619047615
614000,0.13591232895851135,17.838,0.0047619047619047615
616000,0.1461634784936905,18.1187,0.0047619047619047615
618000,0.15342213213443756,80.9174,0.0046875
620000,0.13246452808380127,18.8467,0.0046875
622000,0.1391352117061615,17.7669,0.0046875
624000,0.1358242928981781,17.7544,0.0046875
626000,0.1414255052804947,17.0936,0.0046875
628000,0.13789071142673492,19.3846,0.0046875
630000,0.1443489044904709,18.8596,0.0046875
632000,0.14250251650810242,78.8758,0.004615384615384615
634000,0.1388801634311676,17.8574,0.004615384615384615
636000,0.13218656182289124,17.7425,0.004615384615384615
638000,0.1382121741771698,18.6161,0.004615384615384615
640000,0.14866754412651062,19.4739,0.004615384615384615
642000,0.140471950173378,17.6773,0.004615384615384615
644000,0.14369437098503113,17.3051,0.004615384615384615
646000,0.13925054669380188,80.0001,0.004545454545454545
648000,0.13038086891174316,18.7842,0.004545454545454545
650000,0.13920441269874573,16.7596,0.004545454545454545
652000,0.1328011006116867,18.3852,0.004545454545454545
654000,0.1382976621389389,18.3042,0.004545454545454545
656000,0.13935869932174683,18.0144,0.004545454545454545
658000,0.13376063108444214,17.3872,0.004545454545454545
660000,0.14237454533576965,80.5411,0.004477611940298507
662000,0.13762003183364868,19.0022,0.004477611940298507
664000,0.12948305904865265,17.758,0.004477611940298507
666000,0.1355196237564087,17.3901,0.004477611940298507
668000,0.13934999704360962,18.2342,0.004477611940298507
670000,0.1405329704284668,17.5868,0.004477611940298507
672000,0.1353253275156021,17.3311,0.004477611940298507
674000,0.136541947722435,82.3028,0.004411764705882353
676000,0.12783575057983398,17.546,0.004411764705882353
678000,0.13827310502529144,18.2317,0.004411764705882353
680000,0.12645085155963898,16.2986,0.004411764705882353
682000,0.14457713067531586,18.9654,0.004411764705882353
684000,0.14427879452705383,18.194,0.004411764705882353
686000,0.1325690895318985,16.8593,0.004411764705882353
688000,0.13127195835113525,18.9199,0.004411764705882353
690000,0.13949228823184967,78.9375,0.004347826086956521
692000,0.12863312661647797,17.5388,0.004347826086956521
694000,0.13636505603790283,17.6846,0.004347826086956521
696000,0.13366524875164032,18.1009,0.004347826086956521
698000,0.13294199109077454,18.117,0.004347826086956521
700000,0.12616270780563354,19.5572,0.004347826086956521
702000,0.12768018245697021,18.0764,0.004347826086956521
704000,0.12389684468507767,78.9121,0.004285714285714286
706000,0.1315990537405014,18.4538,0.004285714285714286
708000,0.12976260483264923,17.7554,0.004285714285714286
710000,0.13147398829460144,17.8267,0.004285714285714286
712000,0.12913759052753448,17.6752,0.004285714285714286
714000,0.13883209228515625,17.7074,0.004285714285714286
716000,0.13059286773204803,17.7741,0.004285714285714286
718000,0.12807756662368774,80.2207,0.004225352112676056
720000,0.12839405238628387,18.1044,0.004225352112676056
722000,0.13180246949195862,18.005,0.004225352112676056
724000,0.12477052211761475,18.1525,0.004225352112676056
726000,0.1368313878774643,18.5116,0.004225352112676056
728000,0.1262838989496231,17.3124,0.004225352112676056
730000,0.12186776101589203,16.8318,0.004225352112676056
732000,0.12662160396575928,78.887,0.004166666666666667
734000,0.1301044374704361,17.7874,0.004166666666666667
736000,0.13093604147434235,18.1413,0.004166666666666667
738000,0.1273244172334671,17.993,0.004166666666666667
740000,0.12707063555717468,18.691,0.004166666666666667
742000,0.12619386613368988,17.9716,0.004166666666666667
744000,0.13354521989822388,17.8687,0.004166666666666667
746000,0.12013427913188934,79.4344,0.00410958904109589
748000,0.12732255458831787,18.5778,0.00410958904109589
750000,0.1265130192041397,17.4839,0.00410958904109589
752000,0.12926329672336578,18.1606,0.00410958904109589
754000,0.12820127606391907,19.0031,0.00410958904109589
756000,0.12456631660461426,17.7202,0.00410958904109589
758000,0.1282106637954712,18.084,0.00410958904109589
760000,0.11542410403490067,79.3813,0.004054054054054053
762000,0.12420099228620529,18.8428,0.004054054054054053
764000,0.12494511157274246,17.9342,0.004054054054054053
766000,0.1277211606502533,17.7273,0.004054054054054053
768000,0.12349867075681686,17.0615,0.004054054054054053
770000,0.13162939250469208,17.6594,0.004054054054054053
772000,0.12285017967224121,17.9203,0.004054054054054053
774000,0.13189738988876343,80.0883,0.004
776000,0.12940151989459991,17.4619,0.004
778000,0.1218772605061531,17.3404,0.004
780000,0.123381607234478,18.2817,0.004
782000,0.12084785103797913,18.2692,0.004
784000,0.12081852555274963,18.6066,0.004
786000,0.13893522322177887,16.9669,0.004
788000,0.12654024362564087,80.9565,0.003947368421052631
790000,0.11546642333269119,17.8175,0.003947368421052631
792000,0.12013357877731323,17.8563,0.003947368421052631
794000,0.12145783752202988,17.876,0.003947368421052631
796000,0.11717018485069275,17.3281,0.003947368421052631
798000,0.13295774161815643,18.1389,0.003947368421052631
800000,0.12166699767112732,17.0094,0.003947368421052631
802000,0.1134590357542038,78.1591,0.0038961038961038952
804000,0.12343553453683853,17.8908,0.0038961038961038952
806000,0.12643086910247803,17.9182,0.0038961038961038952
808000,0.12242639064788818,19.0057,0.0038961038961038952
810000,0.1196112260222435,17.7161,0.0038961038961038952
812000,0.11550762504339218,17.4408,0.0038961038961038952
814000,0.12075706571340561,18.0759,0.0038961038961038952
816000,0.123533234000206,80.1849,0.003846153846153846
818000,0.12542831897735596,19.9218,0.003846153846153846
820000,0.12252471596002579,19.3504,0.003846153846153846
822000,0.11780358105897903,17.4441,0.003846153846153846
824000,0.12283782660961151,17.883,0.003846153846153846
826000,0.1110958382487297,17.8298,0.003846153846153846
828000,0.12559713423252106,19.4473,0.003846153846153846
830000,0.125027135014534,79.8626,0.0037974683544303796
832000,0.10551589727401733,19.5786,0.0037974683544303796
834000,0.11963727325201035,17.1787,0.0037974683544303796
836000,0.12073659151792526,17.2755,0.0037974683544303796
838000,0.11312364041805267,17.7595,0.0037974683544303796
840000,0.11978311836719513,19.0532,0.0037974683544303796
842000,0.13489893078804016,17.4876,0.0037974683544303796
844000,0.10795777291059494,79.9881,0.00375
846000,0.11031926423311234,17.2856,0.00375
848000,0.11641650646924973,16.7635,0.00375
850000,0.11931522190570831,17.7183,0.00375
852000,0.11135511100292206,19.4219,0.00375
854000,0.12287838011980057,19.1601,0.00375
856000,0.12280403077602386,17.8685,0.00375
858000,0.11388826370239258,80.9779,0.003703703703703703
860000,0.11906102299690247,18.0873,0.003703703703703703
862000,0.11955130845308304,17.5194,0.003703703703703703
864000,0.11600171774625778,18.1099,0.003703703703703703
866000,0.11280763149261475,18.8476,0.003703703703703703
868000,0.11804565787315369,18.7432,0.003703703703703703
870000,0.11782470345497131,18.9405,0.003703703703703703
872000,0.11864453554153442,81.5629,0.003658536585365853
874000,0.11752337962388992,18.0271,0.003658536585365853
876000,0.11263223737478256,18.3435,0.003658536585365853
878000,0.11017859727144241,17.0686,0.003658536585365853
880000,0.11092439293861389,18.9403,0.003658536585365853
882000,0.11415758728981018,17.6313,0.003658536585365853
884000,0.12236401438713074,18.8507,0.003658536585365853
886000,0.10989683866500854,80.618,0.003614457831325301
888000,0.11046528071165085,18.5715,0.003614457831325301
890000,0.1195034310221672,17.3011,0.003614457831325301
892000,0.1138923168182373,16.9927,0.003614457831325301
894000,0.11834554374217987,17.0858,0.003614457831325301
896000,0.1187186986207962,18.8425,0.003614457831325301
898000,0.12637187540531158,18.3459,0.003614457831325301
900000,0.11630198359489441,80.3253,0.0035714285714285713
902000,0.11500629037618637,17.8626,0.0035714285714285713
904000,0.11536843329668045,18.2436,0.0035714285714285713
906000,0.11891748011112213,18.4656,0.0035714285714285713
908000,0.10886132717132568,18.1457,0.0035714285714285713
910000,0.10852761566638947,18.1777,0.0035714285714285713
912000,0.12036076933145523,17.0084,0.0035714285714285713
914000,0.11814852058887482,80.0224,0.003529411764705882
916000,0.10696874558925629,18.1405,0.003529411764705882
918000,0.10778144747018814,17.6978,0.003529411764705882
920000,0.10774523764848709,17.4071,0.003529411764705882
922000,0.12037433683872223,18.1682,0.003529411764705882
924000,0.10842777788639069,18.9789,0.003529411764705882
926000,0.11333700269460678,17.7626,0.003529411764705882
928000,0.11138290911912918,80.8435,0.003488372093023255
930000,0.09989724308252335,18.3772,0.003488372093023255
932000,0.10301543772220612,17.6347,0.003488372093023255
934000,0.10613128542900085,18.495,0.003488372093023255
936000,0.11481329053640366,18.0134,0.003488372093023255
938000,0.1212257593870163,18.3978,0.003488372093023255
940000,0.11526486277580261,18.5509,0.003488372093023255
942000,0.10933902859687805,79.9025,0.003448275862068965
944000,0.11339560896158218,17.1968,0.003448275862068965
946000,0.10706368088722229,18.3181,0.003448275862068965
948000,0.10899154841899872,17.7137,0.003448275862068965
950000,0.11492810398340225,18.7834,0.003448275862068965
952000,0.11002925038337708,20.0396,0.003448275862068965
954000,0.11502566188573837,19.2013,0.003448275862068965
956000,0.10596585273742676,80.2991,0.0034090909090909085
958000,0.11424890905618668,18.2167,0.0034090909090909085
960000,0.1075865626335144,17.749,0.0034090909090909085
962000,0.10802211612462997,19.2321,0.0034090909090909085
964000,0.10568106919527054,17.6589,0.0034090909090909085
966000,0.10887887328863144,17.8885,0.0034090909090909085
968000,0.11245094984769821,18.9844,0.0034090909090909085
