count,loss,time,lr
2000,0.6749319434165955,16.8178,0.015
4000,0.5669851899147034,17.0603,0.015
6000,0.5436813235282898,18.0862,0.015
8000,0.5079121589660645,17.0673,0.015
10000,0.5006263852119446,17.1609,0.015
12000,0.46839427947998047,18.3256,0.015
14000,0.48550674319267273,16.6804,0.015
16000,0.4329223036766052,79.1238,0.014285714285714285
18000,0.4368353486061096,17.0738,0.014285714285714285
20000,0.4457632899284363,17.4212,0.014285714285714285
22000,0.4209044277667999,17.5395,0.014285714285714285
24000,0.4300473630428314,17.0245,0.014285714285714285
26000,0.41670018434524536,17.1249,0.014285714285714285
28000,0.43035468459129333,17.2686,0.014285714285714285
30000,0.4046168625354767,78.3641,0.013636363636363634
32000,0.37800270318984985,17.1668,0.013636363636363634
34000,0.3856421411037445,17.7,0.013636363636363634
36000,0.38653817772865295,16.9565,0.013636363636363634
38000,0.3765867054462433,16.5021,0.013636363636363634
40000,0.3745967745780945,17.4787,0.013636363636363634
42000,0.3937046229839325,17.1848,0.013636363636363634
44000,0.37184834480285645,78.8358,0.013043478260869566
46000,0.35331225395202637,16.9477,0.013043478260869566
48000,0.3574462831020355,16.8014,0.013043478260869566
50000,0.3610479533672333,16.9488,0.013043478260869566
52000,0.3460236191749573,16.9687,0.013043478260869566
54000,0.36839014291763306,17.0837,0.013043478260869566
56000,0.3628081679344177,18.1204,0.013043478260869566
58000,0.32369884848594666,78.2915,0.0125
60000,0.3424110412597656,17.4265,0.0125
62000,0.33767223358154297,17.3556,0.0125
64000,0.3500291407108307,17.2048,0.0125
66000,0.33637648820877075,16.3387,0.0125
68000,0.3199456036090851,17.1851,0.0125
70000,0.34415552020072937,17.1385,0.0125
72000,0.32436811923980713,79.5886,0.012
74000,0.34312883019447327,17.0633,0.012
76000,0.325192391872406,17.6721,0.012
78000,0.31977009773254395,17.1435,0.012
80000,0.31873756647109985,17.271,0.012
82000,0.32057681679725647,17.3876,0.012
84000,0.3192461431026459,16.1643,0.012
86000,0.3019498288631439,78.2607,0.011538461538461537
88000,0.313823938369751,17.9309,0.011538461538461537
90000,0.2952902019023895,16.1708,0.011538461538461537
92000,0.3056010603904724,17.3435,0.011538461538461537
94000,0.31916868686676025,17.0137,0.011538461538461537
96000,0.2990931570529938,17.8367,0.011538461538461537
98000,0.3249613046646118,17.0945,0.011538461538461537
100000,0.2864183485507965,78.6243,0.01111111111111111
102000,0.3081338405609131,17.1321,0.01111111111111111
104000,0.28780555725097656,17.4843,0.01111111111111111
106000,0.2966689467430115,16.6571,0.01111111111111111
108000,0.2958644926548004,16.6305,0.01111111111111111
110000,0.2807007431983948,17.7222,0.01111111111111111
112000,0.30497652292251587,17.0306,0.01111111111111111
114000,0.3021065592765808,77.7358,0.010714285714285714
116000,0.2814168632030487,17.4702,0.010714285714285714
118000,0.27111461758613586,17.8463,0.010714285714285714
120000,0.2764265239238739,17.1737,0.010714285714285714
122000,0.27760109305381775,17.6354,0.010714285714285714
124000,0.2856443226337433,16.5312,0.010714285714285714
126000,0.28245705366134644,18.0435,0.010714285714285714
128000,0.262559711933136,78.5715,0.010344827586206895
130000,0.26768043637275696,17.1457,0.010344827586206895
132000,0.27349528670310974,16.5713,0.010344827586206895
134000,0.2598472237586975,17.4922,0.010344827586206895
136000,0.27568820118904114,17.2097,0.010344827586206895
138000,0.28272387385368347,17.5505,0.010344827586206895
140000,0.2750277817249298,17.6295,0.010344827586206895
142000,0.2711977958679199,77.0673,0.01
144000,0.2520750164985657,17.3971,0.01
146000,0.2640223801136017,16.8503,0.01
148000,0.2604743242263794,16.359,0.01
150000,0.2727949321269989,17.3961,0.01
152000,0.2706689238548279,18.2428,0.01
154000,0.24909906089305878,17.3643,0.01
156000,0.25948259234428406,78.806,0.009677419354838708
158000,0.24548152089118958,17.3815,0.009677419354838708
160000,0.2521685063838959,17.7004,0.009677419354838708
162000,0.24931754171848297,17.3558,0.009677419354838708
164000,0.25960278511047363,17.7024,0.009677419354838708
166000,0.24866001307964325,17.0536,0.009677419354838708
168000,0.2529507875442505,16.4178,0.009677419354838708
170000,0.2458723783493042,79.1081,0.009375
172000,0.23860520124435425,17.8047,0.009375
174000,0.25254738330841064,18.4531,0.009375
176000,0.238025963306427,16.8723,0.009375
178000,0.23836667835712433,16.8065,0.009375
180000,0.25286564230918884,17.0699,0.009375
182000,0.23687653243541718,16.8149,0.009375
184000,0.22978194057941437,78.77,0.00909090909090909
186000,0.23988047242164612,17.4453,0.00909090909090909
188000,0.23223617672920227,17.6256,0.00909090909090909
190000,0.2273118942975998,16.416,0.00909090909090909
192000,0.2404988706111908,17.7046,0.00909090909090909
194000,0.24280747771263123,16.9028,0.00909090909090909
196000,0.23513925075531006,17.4621,0.00909090909090909
198000,0.22479912638664246,77.5894,0.008823529411764704
200000,0.22083093225955963,17.2942,0.008823529411764704
202000,0.23335199058055878,18.2151,0.008823529411764704
204000,0.2186492532491684,17.1139,0.008823529411764704
206000,0.24209484457969666,17.8416,0.008823529411764704
208000,0.22543950378894806,16.5108,0.008823529411764704
210000,0.23738467693328857,17.6699,0.008823529411764704
212000,0.228124737739563,77.4889,0.008571428571428572
214000,0.2171262949705124,17.2351,0.008571428571428572
216000,0.21887756884098053,17.3499,0.008571428571428572
218000,0.20713761448860168,16.8194,0.008571428571428572
220000,0.22771039605140686,17.5266,0.008571428571428572
222000,0.22855845093727112,16.8226,0.008571428571428572
224000,0.21252600848674774,17.7432,0.008571428571428572
226000,0.213462233543396,77.273,0.008333333333333333
228000,0.20616398751735687,17.0509,0.008333333333333333
230000,0.2202518731355667,16.9932,0.008333333333333333
232000,0.21667149662971497,16.8933,0.008333333333333333
234000,0.21938294172286987,18.1175,0.008333333333333333
236000,0.2112368941307068,17.4115,0.008333333333333333
238000,0.2228134274482727,17.5942,0.008333333333333333
240000,0.20243126153945923,79.2552,0.008108108108108107
242000,0.21531395614147186,17.0777,0.008108108108108107
244000,0.20612983405590057,17.1604,0.008108108108108107
246000,0.21505145728588104,17.4416,0.008108108108108107
248000,0.1968369483947754,17.3943,0.008108108108108107
250000,0.20463597774505615,17.6658,0.008108108108108107
252000,0.20575213432312012,16.9908,0.008108108108108107
254000,0.20289593935012817,77.2857,0.007894736842105262
256000,0.19173550605773926,17.1343,0.007894736842105262
258000,0.19672749936580658,17.2837,0.007894736842105262
260000,0.20693959295749664,17.5349,0.007894736842105262
262000,0.196237713098526,16.8593,0.007894736842105262
264000,0.20941062271595,16.8135,0.007894736842105262
266000,0.20920297503471375,16.7141,0.007894736842105262
268000,0.20344942808151245,78.1327,0.007692307692307691
270000,0.20135730504989624,17.0131,0.007692307692307691
272000,0.21158427000045776,17.4177,0.007692307692307691
274000,0.20037031173706055,17.9759,0.007692307692307691
276000,0.20182377099990845,17.9319,0.007692307692307691
278000,0.19155995547771454,16.777,0.007692307692307691
280000,0.19713561236858368,16.6955,0.007692307692307691
282000,0.17967702448368073,79.1661,0.0075
284000,0.1961246132850647,16.6692,0.0075
286000,0.2056879997253418,17.0934,0.0075
288000,0.18829968571662903,17.7923,0.0075
290000,0.1919807642698288,17.2567,0.0075
292000,0.19061578810214996,16.9905,0.0075
294000,0.18756328523159027,17.3971,0.0075
296000,0.19295595586299896,77.9405,0.007317073170731708
298000,0.17644086480140686,16.189,0.007317073170731708
300000,0.1833309382200241,16.6408,0.007317073170731708
302000,0.1880492866039276,18.1289,0.007317073170731708
304000,0.19427411258220673,17.0937,0.007317073170731708
306000,0.19414018094539642,17.3497,0.007317073170731708
308000,0.194863423705101,16.8743,0.007317073170731708
310000,0.1726372092962265,77.6907,0.007142857142857143
312000,0.18142226338386536,17.3813,0.007142857142857143
314000,0.1769595593214035,17.5723,0.007142857142857143
316000,0.1784854531288147,17.2911,0.007142857142857143
318000,0.19203691184520721,17.6143,0.007142857142857143
320000,0.1932210624217987,17.111,0.007142857142857143
322000,0.18246127665042877,16.8743,0.007142857142857143
324000,0.16058580577373505,78.6805,0.00697674418604651
326000,0.17999295890331268,17.2776,0.00697674418604651
328000,0.16595429182052612,16.7368,0.00697674418604651
330000,0.18571271002292633,17.5368,0.00697674418604651
332000,0.1894054114818573,17.0825,0.00697674418604651
334000,0.19267454743385315,17.703,0.00697674418604651
336000,0.17465083301067352,16.6029,0.00697674418604651
338000,0.1732836216688156,77.0419,0.006818181818181817
340000,0.17574310302734375,16.8066,0.006818181818181817
342000,0.18267029523849487,17.0299,0.006818181818181817
344000,0.16803447902202606,17.3794,0.006818181818181817
346000,0.173993319272995,17.4149,0.006818181818181817
348000,0.18251460790634155,17.6338,0.006818181818181817
350000,0.17303667962551117,17.0096,0.006818181818181817
352000,0.1776239424943924,78.9006,0.006666666666666666
354000,0.1635953187942505,16.8859,0.006666666666666666
356000,0.16843385994434357,16.642,0.006666666666666666
358000,0.1733310967683792,18.0035,0.006666666666666666
360000,0.16705118119716644,17.8059,0.006666666666666666
362000,0.17306488752365112,16.9846,0.006666666666666666
364000,0.17016275227069855,17.3137,0.006666666666666666
366000,0.17618325352668762,79.9864,0.006521739130434783
368000,0.16426803171634674,17.499,0.006521739130434783
370000,0.17035022377967834,16.6446,0.006521739130434783
372000,0.16352935135364532,16.9656,0.006521739130434783
374000,0.171692356467247,17.2751,0.006521739130434783
376000,0.16210584342479706,16.8603,0.006521739130434783
378000,0.1616930365562439,17.2593,0.006521739130434783
380000,0.17101290822029114,77.6499,0.006382978723404255
382000,0.15860813856124878,16.5398,0.006382978723404255
384000,0.1555221974849701,17.1192,0.006382978723404255
386000,0.16370894014835358,17.4743,0.006382978723404255
388000,0.16549402475357056,17.4888,0.006382978723404255
390000,0.170453280210495,16.7987,0.006382978723404255
392000,0.1586221307516098,18.1199,0.006382978723404255
394000,0.1616675853729248,79.039,0.006249999999999999
396000,0.15504047274589539,17.5114,0.006249999999999999
398000,0.15168695151805878,17.4841,0.006249999999999999
400000,0.1655094176530838,17.4894,0.006249999999999999
402000,0.1462497115135193,15.7661,0.006249999999999999
404000,0.16096778213977814,17.1018,0.006249999999999999
406000,0.16706369817256927,18.5229,0.006249999999999999
408000,0.15996375679969788,78.8942,0.006122448979591836
410000,0.16289792954921722,17.6519,0.006122448979591836
412000,0.15100058913230896,16.8566,0.006122448979591836
414000,0.16085229814052582,17.361,0.006122448979591836
416000,0.15900163352489471,17.4761,0.006122448979591836
418000,0.16238820552825928,17.1299,0.006122448979591836
420000,0.1584501564502716,16.3634,0.006122448979591836
422000,0.14952945709228516,78.7055,0.006
424000,0.15189605951309204,17.6614,0.006
426000,0.16210024058818817,17.2405,0.006
428000,0.14755529165267944,17.4282,0.006
430000,0.15258118510246277,16.5954,0.006
432000,0.15924210846424103,17.1176,0.006
434000,0.15663623809814453,17.1359,0.006
436000,0.15101541578769684,78.5963,0.00588235294117647
438000,0.13512134552001953,16.5897,0.00588235294117647
440000,0.1490607112646103,17.3674,0.00588235294117647
442000,0.1459309160709381,17.0127,0.00588235294117647
444000,0.14864708483219147,17.9119,0.00588235294117647
446000,0.15789704024791718,17.2309,0.00588235294117647
448000,0.15214982628822327,17.2076,0.00588235294117647
450000,0.1388440877199173,77.9487,0.005769230769230769
452000,0.1483878344297409,17.3163,0.005769230769230769
454000,0.13764812052249908,17.5132,0.005769230769230769
456000,0.14403878152370453,17.4789,0.005769230769230769
458000,0.14466968178749084,17.2736,0.005769230769230769
460000,0.14572429656982422,16.8116,0.005769230769230769
462000,0.17128664255142212,17.9702,0.005769230769230769
464000,0.14508487284183502,77.486,0.005660377358490565
466000,0.1458551287651062,17.2049,0.005660377358490565
468000,0.14733321964740753,17.5936,0.005660377358490565
470000,0.1380276381969452,16.9299,0.005660377358490565
472000,0.13823556900024414,16.8203,0.005660377358490565
474000,0.1403106451034546,17.2786,0.005660377358490565
476000,0.1423981487751007,17.1946,0.005660377358490565
478000,0.1512223333120346,78.9361,0.005555555555555555
480000,0.14392349123954773,17.313,0.005555555555555555
482000,0.1323365569114685,17.0613,0.005555555555555555
484000,0.14399908483028412,18.3528,0.005555555555555555
486000,0.13950268924236298,17.073,0.005555555555555555
488000,0.1451701521873474,17.3432,0.005555555555555555
490000,0.1428641676902771,17.2855,0.005555555555555555
492000,0.14543752372264862,76.4198,0.005454545454545454
494000,0.13425986468791962,17.1706,0.005454545454545454
496000,0.13088257610797882,17.8405,0.005454545454545454
498000,0.14128273725509644,16.4571,0.005454545454545454
500000,0.1449831873178482,17.78,0.005454545454545454
502000,0.13323481380939484,16.543,0.005454545454545454
504000,0.1413787603378296,16.8724,0.005454545454545454
506000,0.14069922268390656,78.0801,0.005357142857142856
508000,0.13783195614814758,16.7332,0.005357142857142856
510000,0.1324874758720398,17.0472,0.005357142857142856
512000,0.13548679649829865,17.5272,0.005357142857142856
514000,0.1339481920003891,16.2837,0.005357142857142856
516000,0.14820019900798798,17.8932,0.005357142857142856
518000,0.141378715634346,16.6129,0.005357142857142856
520000,0.1406097412109375,79.1613,0.005263157894736842
522000,0.1330261528491974,17.1719,0.005263157894736842
524000,0.13659662008285522,18.8603,0.005263157894736842
526000,0.13600409030914307,16.6008,0.005263157894736842
528000,0.1355758011341095,18.0699,0.005263157894736842
530000,0.13616207242012024,16.1926,0.005263157894736842
532000,0.13763509690761566,16.9,0.005263157894736842
534000,0.12521235644817352,77.4323,0.005172413793103447
536000,0.12197664380073547,17.1302,0.005172413793103447
538000,0.14434997737407684,16.9322,0.005172413793103447
540000,0.12160277366638184,16.5819,0.005172413793103447
542000,0.13892614841461182,17.0179,0.005172413793103447
544000,0.1384773999452591,17.6049,0.005172413793103447
546000,0.1419486552476883,17.0027,0.005172413793103447
548000,0.13462011516094208,78.1437,0.005084745762711864
550000,0.12888967990875244,17.655,0.005084745762711864
552000,0.1356307864189148,18.2346,0.005084745762711864
554000,0.12745532393455505,16.8949,0.005084745762711864
556000,0.12256818264722824,17.0884,0.005084745762711864
558000,0.12461116164922714,16.7101,0.005084745762711864
560000,0.1353805661201477,16.7075,0.005084745762711864
562000,0.1345878392457962,78.1659,0.005
564000,0.11490000039339066,16.5265,0.005
566000,0.12700475752353668,17.2385,0.005
568000,0.12580782175064087,18.1543,0.005
570000,0.13760153949260712,17.3768,0.005
572000,0.12917888164520264,17.6891,0.005
574000,0.13579913973808289,16.39,0.005
576000,0.12812885642051697,78.6774,0.0049180327868852455
578000,0.11765929311513901,16.9463,0.0049180327868852455
580000,0.120632104575634,16.8298,0.0049180327868852455
582000,0.13251352310180664,17.525,0.0049180327868852455
584000,0.12453236430883408,16.8283,0.0049180327868852455
586000,0.13100780546665192,17.3037,0.0049180327868852455
588000,0.12180452048778534,16.441,0.0049180327868852455
590000,0.1159396544098854,80.5296,0.004838709677419354
592000,0.12264950573444366,17.9983,0.004838709677419354
594000,0.12210587412118912,16.722,0.004838709677419354
596000,0.12129436433315277,17.2484,0.004838709677419354
598000,0.12522810697555542,16.7527,0.004838709677419354
600000,0.13477928936481476,17.1503,0.004838709677419354
602000,0.12225044518709183,17.7054,0.004838709677419354
604000,0.12405162304639816,77.9003,0.0047619047619047615
606000,0.12746348977088928,16.7516,0.0047619047619047615
608000,0.12228725105524063,17.8381,0.0047619047619047615
610000,0.11515367776155472,17.3248,0.0047619047619047615
612000,0.12271936982870102,17.107,0.0047619047619047615
614000,0.11981967091560364,16.9587,0.0047619047619047615
616000,0.12184221297502518,17.1439,0.0047619047619047615
618000,0.1301145851612091,80.0527,0.0046875
620000,0.11724422872066498,17.1908,0.0046875
622000,0.12245804071426392,16.9445,0.0046875
624000,0.1257450133562088,16.9519,0.0046875
626000,0.1209234744310379,16.6041,0.0046875
628000,0.1208856925368309,18.1524,0.0046875
630000,0.12620899081230164,18.489,0.0046875
632000,0.1250889152288437,76.8772,0.004615384615384615
634000,0.11421120911836624,16.9211,0.004615384615384615
636000,0.11226892471313477,16.8476,0.004615384615384615
638000,0.1218322142958641,18.1798,0.004615384615384615
640000,0.1258063018321991,18.2148,0.004615384615384615
642000,0.11758054792881012,17.0004,0.004615384615384615
644000,0.12430184334516525,16.5787,0.004615384615384615
646000,0.12783285975456238,79.1177,0.004545454545454545
648000,0.1183214858174324,17.7213,0.004545454545454545
650000,0.1185469925403595,16.2921,0.004545454545454545
652000,0.11918721348047256,17.3808,0.004545454545454545
654000,0.12031593173742294,17.2765,0.004545454545454545
656000,0.11402180790901184,17.161,0.004545454545454545
658000,0.11198917776346207,16.7086,0.004545454545454545
660000,0.11600882560014725,78.5466,0.004477611940298507
662000,0.11172478646039963,17.9163,0.004477611940298507
664000,0.11188627034425735,16.6588,0.004477611940298507
666000,0.11384746432304382,16.7668,0.004477611940298507
668000,0.12288901954889297,18.1612,0.004477611940298507
670000,0.12273495644330978,16.8545,0.004477611940298507
672000,0.11472519487142563,16.6381,0.004477611940298507
674000,0.11929165571928024,79.8113,0.004411764705882353
676000,0.10945035517215729,16.8064,0.004411764705882353
678000,0.1135108470916748,18.2299,0.004411764705882353
680000,0.11188901215791702,15.6377,0.004411764705882353
682000,0.11663816124200821,18.6766,0.004411764705882353
684000,0.12144102156162262,18.1179,0.004411764705882353
686000,0.11507046222686768,16.3544,0.004411764705882353
688000,0.11481372267007828,17.6842,0.004411764705882353
690000,0.12059422582387924,77.3222,0.004347826086956521
692000,0.10777247697114944,17.3281,0.004347826086956521
694000,0.1156289130449295,17.1095,0.004347826086956521
696000,0.11417560279369354,17.4509,0.004347826086956521
698000,0.116271011531353,16.9958,0.004347826086956521
700000,0.10732857882976532,17.2939,0.004347826086956521
702000,0.11245586723089218,17.3095,0.004347826086956521
704000,0.09869532287120819,77.331,0.004285714285714286
706000,0.10912878811359406,17.011,0.004285714285714286
708000,0.11654530465602875,16.8139,0.004285714285714286
710000,0.11534710228443146,17.5113,0.004285714285714286
712000,0.11286524683237076,17.4278,0.004285714285714286
714000,0.12243460863828659,16.8075,0.004285714285714286
716000,0.11305283010005951,16.8464,0.004285714285714286
718000,0.11008530110120773,76.9408,0.004225352112676056
720000,0.10544431209564209,17.8461,0.004225352112676056
722000,0.11983952671289444,17.0883,0.004225352112676056
724000,0.11050638556480408,17.0876,0.004225352112676056
726000,0.11728635430335999,17.0729,0.004225352112676056
728000,0.10945484787225723,16.4424,0.004225352112676056
730000,0.10212169587612152,16.3241,0.004225352112676056
732000,0.11213970184326172,77.1845,0.004166666666666667
734000,0.10628276318311691,16.5196,0.004166666666666667
736000,0.10605458170175552,16.9849,0.004166666666666667
738000,0.10611359775066376,17.3904,0.004166666666666667
740000,0.1092299222946167,17.4229,0.004166666666666667
742000,0.10469907522201538,16.9931,0.004166666666666667
744000,0.11767073720693588,16.8993,0.004166666666666667
746000,0.10507321357727051,76.7986,0.00410958904109589
748000,0.11384380608797073,17.0727,0.00410958904109589
750000,0.11181079596281052,16.4994,0.00410958904109589
752000,0.10923350602388382,16.936,0.00410958904109589
754000,0.1089550331234932,17.218,0.00410958904109589
756000,0.10903896391391754,16.5371,0.00410958904109589
758000,0.10686621069908142,17.1496,0.00410958904109589
760000,0.09724768251180649,77.9813,0.004054054054054053
762000,0.11004404723644257,17.6161,0.004054054054054053
764000,0.10669834166765213,16.8932,0.004054054054054053
766000,0.10816914588212967,17.164,0.004054054054054053
768000,0.10811261832714081,16.2905,0.004054054054054053
770000,0.11403249204158783,17.5941,0.004054054054054053
772000,0.11026450246572495,16.7145,0.004054054054054053
774000,0.10574394464492798,76.2966,0.004
776000,0.10530459135770798,16.521,0.004
778000,0.1045001670718193,16.3676,0.004
780000,0.1067945659160614,16.7518,0.004
782000,0.10176213830709457,16.9839,0.004
784000,0.10387565940618515,17.8798,0.004
786000,0.11480662226676941,16.1057,0.004
788000,0.10304810851812363,77.2043,0.003947368421052631
790000,0.10100703686475754,16.6842,0.003947368421052631
792000,0.10678114742040634,16.7596,0.003947368421052631
794000,0.10038551688194275,17.2061,0.003947368421052631
796000,0.10148373246192932,16.6755,0.003947368421052631
798000,0.10924423485994339,16.8388,0.003947368421052631
800000,0.10579534620046616,15.9266,0.003947368421052631
802000,0.09237316250801086,74.8444,0.0038961038961038952
804000,0.10611052811145782,17.3033,0.0038961038961038952
806000,0.11320818960666656,16.459,0.0038961038961038952
808000,0.1093607172369957,17.6064,0.0038961038961038952
810000,0.09977350383996964,16.6305,0.0038961038961038952
812000,0.10042472183704376,16.482,0.0038961038961038952
814000,0.10814516991376877,16.9145,0.0038961038961038952
816000,0.10311739146709442,77.0913,0.003846153846153846
818000,0.10180610418319702,17.3574,0.003846153846153846
820000,0.10368938744068146,17.5616,0.003846153846153846
822000,0.1038292944431305,16.1768,0.003846153846153846
824000,0.10015279799699783,17.1993,0.003846153846153846
826000,0.09208747744560242,15.9621,0.003846153846153846
828000,0.10897983610630035,17.0879,0.003846153846153846
830000,0.10439032316207886,75.5845,0.0037974683544303796
832000,0.0911700576543808,16.5536,0.0037974683544303796
834000,0.10253474116325378,16.5486,0.0037974683544303796
836000,0.10101743787527084,16.9217,0.0037974683544303796
838000,0.0981954038143158,16.7703,0.0037974683544303796
840000,0.10160548239946365,17.6438,0.0037974683544303796
842000,0.11310872435569763,16.5672,0.0037974683544303796
844000,0.09435346722602844,76.5261,0.00375
846000,0.0937180370092392,16.4632,0.00375
848000,0.10030428320169449,16.0663,0.00375
850000,0.09716211259365082,16.638,0.00375
852000,0.09167302399873734,18.3017,0.00375
854000,0.10549616068601608,17.133,0.00375
856000,0.10591928660869598,16.8757,0.00375
858000,0.09600470960140228,76.9468,0.003703703703703703
860000,0.10066653043031693,17.1462,0.003703703703703703
862000,0.10333708673715591,16.4668,0.003703703703703703
864000,0.10133162885904312,17.6549,0.003703703703703703
866000,0.09943084418773651,16.9073,0.003703703703703703
868000,0.10197478532791138,17.1757,0.003703703703703703
870000,0.09822237491607666,16.4071,0.003703703703703703
872000,0.10020038485527039,76.1635,0.003658536585365853
874000,0.10093005001544952,16.4725,0.003658536585365853
876000,0.0971936509013176,16.6386,0.003658536585365853
878000,0.09585543721914291,16.0841,0.003658536585365853
880000,0.09433874487876892,17.824,0.003658536585365853
882000,0.09613234549760818,16.6822,0.003658536585365853
884000,0.10528165847063065,17.4698,0.003658536585365853
886000,0.08836350589990616,76.8932,0.003614457831325301
888000,0.09623400866985321,17.6088,0.003614457831325301
890000,0.09651099890470505,17.1648,0.003614457831325301
892000,0.09767671674489975,16.2089,0.003614457831325301
894000,0.09984590858221054,16.2983,0.003614457831325301
896000,0.0983569398522377,17.0744,0.003614457831325301
898000,0.1070215180516243,16.7347,0.003614457831325301
900000,0.09585363417863846,76.5037,0.0035714285714285713
902000,0.09750654548406601,16.6441,0.0035714285714285713
904000,0.09674032777547836,17.7296,0.0035714285714285713
906000,0.10031196475028992,17.2532,0.0035714285714285713
908000,0.09854326397180557,16.4169,0.0035714285714285713
910000,0.08306922018527985,18.0175,0.0035714285714285713
912000,0.10959453135728836,16.3335,0.0035714285714285713
914000,0.09078694134950638,75.8913,0.003529411764705882
916000,0.08971764147281647,17.2248,0.003529411764705882
918000,0.08868996798992157,16.6384,0.003529411764705882
920000,0.09213893115520477,16.5061,0.003529411764705882
922000,0.10737406462430954,16.7748,0.003529411764705882
924000,0.0923326313495636,17.2333,0.003529411764705882
926000,0.09463783353567123,16.6718,0.003529411764705882
928000,0.0960141271352768,76.2069,0.003488372093023255
930000,0.08913930505514145,17.4555,0.003488372093023255
932000,0.09208998084068298,16.4046,0.003488372093023255
934000,0.08489334583282471,16.8944,0.003488372093023255
936000,0.10151170194149017,16.6248,0.003488372093023255
938000,0.09858227521181107,17.6691,0.003488372093023255
940000,0.09555811434984207,16.9432,0.003488372093023255
942000,0.08995193988084793,74.5876,0.003448275862068965
944000,0.09262528270483017,16.1696,0.003448275862068965
946000,0.09506228566169739,16.9771,0.003448275862068965
948000,0.08859184384346008,16.9719,0.003448275862068965
950000,0.0902489423751831,16.9954,0.003448275862068965
952000,0.0964113250374794,17.9061,0.003448275862068965
954000,0.09868650883436203,17.3693,0.003448275862068965
956000,0.09642703086137772,76.6633,0.0034090909090909085
958000,0.08460294455289841,16.2964,0.0034090909090909085
960000,0.09089623391628265,16.3638,0.0034090909090909085
962000,0.09483078122138977,17.4188,0.0034090909090909085
964000,0.09338899701833725,16.3643,0.0034090909090909085
966000,0.09378896653652191,16.7931,0.0034090909090909085
968000,0.09540358930826187,17.5723,0.0034090909090909085
