count,loss,time,lr
2000,0.5242255330085754,16.7041,0.015
4000,0.324668288230896,16.0903,0.015
6000,0.28659313917160034,17.7073,0.015
8000,0.24281743168830872,16.2042,0.015
10000,0.23705661296844482,15.9128,0.015
12000,0.22113735973834991,15.7317,0.015
14000,0.20917078852653503,18.6069,0.015
16000,0.17137661576271057,100.9822,0.014285714285714285
18000,0.1463804692029953,21.6763,0.014285714285714285
20000,0.15079805254936218,21.7706,0.014285714285714285
22000,0.13485600054264069,21.1415,0.014285714285714285
24000,0.13269120454788208,21.2453,0.014285714285714285
26000,0.1262805312871933,20.9392,0.014285714285714285
28000,0.11564032733440399,21.1296,0.014285714285714285
30000,0.09567675739526749,101.8114,0.013636363636363634
32000,0.07523208856582642,21.3969,0.013636363636363634
34000,0.08796323090791702,22.0536,0.013636363636363634
36000,0.08953380584716797,20.5912,0.013636363636363634
38000,0.07604722678661346,21.1229,0.013636363636363634
40000,0.08482672274112701,21.6556,0.013636363636363634
42000,0.08013138920068741,21.8448,0.013636363636363634
44000,0.06501229107379913,99.8545,0.013043478260869566
46000,0.05431603640317917,21.1234,0.013043478260869566
48000,0.06665316224098206,22.4667,0.013043478260869566
50000,0.04829403758049011,21.771,0.013043478260869566
52000,0.04911569505929947,21.1069,0.013043478260869566
54000,0.06353794038295746,21.828,0.013043478260869566
56000,0.05646380037069321,21.3705,0.013043478260869566
58000,0.04668542742729187,101.4586,0.0125
60000,0.040269240736961365,21.145,0.0125
62000,0.04461262747645378,21.226,0.0125
64000,0.05433142930269241,21.8906,0.0125
66000,0.048940397799015045,20.7902,0.0125
68000,0.04439864680171013,20.7942,0.0125
70000,0.035653747618198395,21.2101,0.0125
72000,0.04934300482273102,100.5616,0.012
74000,0.04875265806913376,21.2868,0.012
76000,0.02687360718846321,20.8789,0.012
78000,0.029921559616923332,21.2556,0.012
80000,0.04584793746471405,22.9828,0.012
82000,0.03486251085996628,20.8266,0.012
84000,0.026801133528351784,20.758,0.012
86000,0.027900658547878265,98.4166,0.011538461538461537
88000,0.04153485223650932,21.2797,0.011538461538461537
90000,0.026976384222507477,20.8055,0.011538461538461537
92000,0.033723197877407074,21.7466,0.011538461538461537
94000,0.0392773300409317,22.2967,0.011538461538461537
96000,0.028019502758979797,20.747,0.011538461538461537
98000,0.029916413128376007,20.805,0.011538461538461537
100000,0.024268971756100655,98.3381,0.01111111111111111
102000,0.028261441737413406,22.0776,0.01111111111111111
104000,0.01956273801624775,21.256,0.01111111111111111
106000,0.022006656974554062,21.0285,0.01111111111111111
108000,0.03624141961336136,20.9929,0.01111111111111111
110000,0.02701510488986969,21.5011,0.01111111111111111
112000,0.02806112729012966,20.9555,0.01111111111111111
114000,0.026931032538414,98.8262,0.010714285714285714
116000,0.02003922313451767,22.0826,0.010714285714285714
118000,0.01787775754928589,21.2332,0.010714285714285714
120000,0.020895127207040787,21.1744,0.010714285714285714
122000,0.021785276010632515,20.3253,0.010714285714285714
124000,0.028151722624897957,21.3954,0.010714285714285714
126000,0.02761421725153923,22.312,0.010714285714285714
128000,0.015083471313118935,97.5731,0.010344827586206895
130000,0.01865154691040516,21.4435,0.010344827586206895
132000,0.020118815824389458,20.8647,0.010344827586206895
134000,0.026231903582811356,20.8174,0.010344827586206895
136000,0.0205665435642004,21.8918,0.010344827586206895
138000,0.027874309569597244,20.9738,0.010344827586206895
140000,0.025577085092663765,22.2006,0.010344827586206895
142000,0.017854541540145874,98.7752,0.01
144000,0.019560065120458603,22.1986,0.01
146000,0.015269210562109947,20.7741,0.01
148000,0.02187865413725376,20.7291,0.01
150000,0.018351783975958824,20.9542,0.01
152000,0.021234456449747086,20.7382,0.01
154000,0.015337380580604076,20.6419,0.01
156000,0.013363555073738098,98.5347,0.009677419354838708
158000,0.011734433472156525,21.0395,0.009677419354838708
160000,0.016237862408161163,22.2924,0.009677419354838708
162000,0.019406544044613838,20.7243,0.009677419354838708
164000,0.01361522451043129,20.8057,0.009677419354838708
166000,0.014524983242154121,20.7228,0.009677419354838708
168000,0.014650620520114899,20.6639,0.009677419354838708
170000,0.014862588606774807,98.9737,0.009375
172000,0.016700364649295807,20.8093,0.009375
174000,0.012297462671995163,21.9532,0.009375
176000,0.012398915365338326,22.6295,0.009375
178000,0.01974884420633316,20.5586,0.009375
180000,0.017705418169498444,20.7239,0.009375
182000,0.012363960966467857,20.4665,0.009375
184000,0.012649931013584137,98.2951,0.00909090909090909
186000,0.012476087547838688,22.1023,0.00909090909090909
188000,0.009584080427885056,20.9974,0.00909090909090909
190000,0.011125333607196808,21.4886,0.00909090909090909
192000,0.01492246799170971,21.1277,0.00909090909090909
194000,0.015263832174241543,20.787,0.00909090909090909
196000,0.011118992231786251,20.8789,0.00909090909090909
198000,0.01081614289432764,99.2438,0.008823529411764704
200000,0.009497403167188168,20.9121,0.008823529411764704
202000,0.013648930005729198,21.0152,0.008823529411764704
204000,0.010870987549424171,20.5631,0.008823529411764704
206000,0.01284787431359291,22.1213,0.008823529411764704
208000,0.01255390327423811,20.8846,0.008823529411764704
210000,0.01453010831028223,22.0865,0.008823529411764704
212000,0.01159399002790451,98.221,0.008571428571428572
214000,0.011986495926976204,20.8871,0.008571428571428572
216000,0.012349853292107582,20.7739,0.008571428571428572
218000,0.006698476150631905,20.5962,0.008571428571428572
220000,0.011668596416711807,22.1274,0.008571428571428572
222000,0.013686178252100945,21.502,0.008571428571428572
224000,0.012574773281812668,20.7808,0.008571428571428572
226000,0.010949880816042423,97.8924,0.008333333333333333
228000,0.00757309515029192,20.7897,0.008333333333333333
230000,0.007391427177935839,20.6505,0.008333333333333333
232000,0.007686168421059847,22.238,0.008333333333333333
234000,0.008742240257561207,21.0077,0.008333333333333333
236000,0.01197995524853468,21.6191,0.008333333333333333
238000,0.012066863477230072,21.2163,0.008333333333333333
240000,0.006441392004489899,99.064,0.008108108108108107
242000,0.009843660518527031,20.8875,0.008108108108108107
244000,0.009299740195274353,21.7807,0.008108108108108107
246000,0.012383992783725262,21.0884,0.008108108108108107
248000,0.012266851961612701,20.7005,0.008108108108108107
250000,0.008545749820768833,20.5012,0.008108108108108107
252000,0.010510680265724659,21.9785,0.008108108108108107
254000,0.007959511131048203,98.1777,0.007894736842105262
256000,0.0060624731704592705,21.939,0.007894736842105262
258000,0.005479434505105019,20.7082,0.007894736842105262
260000,0.010262969881296158,20.8453,0.007894736842105262
262000,0.009781076572835445,20.6808,0.007894736842105262
264000,0.008516083471477032,20.8066,0.007894736842105262
266000,0.011709165759384632,22.8967,0.007894736842105262
268000,0.0054374742321670055,98.0462,0.007692307692307691
270000,0.007560315076261759,21.2654,0.007692307692307691
272000,0.010164525359869003,21.4688,0.007692307692307691
274000,0.006487584672868252,20.7203,0.007692307692307691
276000,0.007950814440846443,20.9579,0.007692307692307691
278000,0.007244494277983904,20.6781,0.007692307692307691
280000,0.011333747766911983,20.7269,0.007692307692307691
282000,0.008354058489203453,98.3884,0.0075
284000,0.005091362167149782,21.0161,0.0075
286000,0.00899451319128275,21.8153,0.0075
288000,0.009507040493190289,21.1348,0.0075
290000,0.005727293901145458,21.0332,0.0075
292000,0.007204798515886068,20.9469,0.0075
294000,0.009050983004271984,20.3242,0.0075
296000,0.005790981464087963,99.4286,0.007317073170731708
298000,0.005324298981577158,20.6073,0.007317073170731708
300000,0.004834489896893501,20.8331,0.007317073170731708
302000,0.008399941958487034,21.8538,0.007317073170731708
304000,0.006201613694429398,20.7382,0.007317073170731708
306000,0.0060660867020487785,21.8561,0.007317073170731708
308000,0.005852664355188608,21.0915,0.007317073170731708
310000,0.0073876408860087395,97.9127,0.007142857142857143
312000,0.004867499228566885,20.73,0.007142857142857143
314000,0.0054901777766644955,20.8429,0.007142857142857143
316000,0.006139678880572319,21.4956,0.007142857142857143
318000,0.005743146874010563,22.2214,0.007142857142857143
320000,0.007058859337121248,20.6506,0.007142857142857143
322000,0.0067389123141765594,20.6145,0.007142857142857143
324000,0.0033484003506600857,97.9878,0.00697674418604651
326000,0.006704671774059534,21.077,0.00697674418604651
328000,0.006691433023661375,21.855,0.00697674418604651
330000,0.004971415735781193,20.9609,0.00697674418604651
332000,0.004761726129800081,21.7637,0.00697674418604651
334000,0.004719700198620558,21.2098,0.00697674418604651
336000,0.004383211489766836,20.7754,0.00697674418604651
338000,0.004324726760387421,98.6555,0.006818181818181817
340000,0.00345722958445549,21.1538,0.006818181818181817
342000,0.004013413563370705,21.1238,0.006818181818181817
344000,0.003906399477273226,20.6935,0.006818181818181817
346000,0.00718920212239027,20.6321,0.006818181818181817
348000,0.008775562979280949,21.8717,0.006818181818181817
350000,0.005020816344767809,21.0305,0.006818181818181817
352000,0.005262704100459814,98.9889,0.006666666666666666
354000,0.002969739492982626,20.8807,0.006666666666666666
356000,0.005095205269753933,20.841,0.006666666666666666
358000,0.0058510275557637215,21.14,0.006666666666666666
360000,0.004856553860008717,20.4386,0.006666666666666666
362000,0.008330393582582474,20.8044,0.006666666666666666
364000,0.004804250784218311,21.4795,0.006666666666666666
366000,0.0032051976304501295,97.1399,0.006521739130434783
368000,0.0041485996916890144,21.9471,0.006521739130434783
370000,0.0037499601021409035,20.7985,0.006521739130434783
372000,0.004766600672155619,20.5441,0.006521739130434783
374000,0.0037609164137393236,22.1442,0.006521739130434783
376000,0.0041549187153577805,20.7308,0.006521739130434783
378000,0.00842470396310091,21.0353,0.006521739130434783
380000,0.005405798554420471,98.8318,0.006382978723404255
382000,0.004884856287389994,21.226,0.006382978723404255
384000,0.004844031762331724,21.4729,0.006382978723404255
386000,0.005982468836009502,20.8223,0.006382978723404255
388000,0.0039055654779076576,20.3553,0.006382978723404255
390000,0.005448929034173489,20.9881,0.006382978723404255
392000,0.0045446110889315605,20.7132,0.006382978723404255
394000,0.006694411858916283,99.3685,0.006249999999999999
396000,0.0034703745041042566,20.5176,0.006249999999999999
398000,0.002823163289576769,21.1609,0.006249999999999999
400000,0.004037837497889996,21.0304,0.006249999999999999
402000,0.005961205810308456,21.0227,0.006249999999999999
404000,0.0017324390355497599,21.1532,0.006249999999999999
406000,0.003164722817018628,21.101,0.006249999999999999
408000,0.0032333629205822945,97.9866,0.006122448979591836
410000,0.006037180777639151,20.8143,0.006122448979591836
412000,0.005674040876328945,21.1445,0.006122448979591836
414000,0.0036431087646633387,21.3907,0.006122448979591836
416000,0.0034723475109785795,20.5815,0.006122448979591836
418000,0.0032030981965363026,21.0766,0.006122448979591836
420000,0.004511083010584116,20.7496,0.006122448979591836
422000,0.0022854660637676716,98.8018,0.006
424000,0.0043435958214104176,20.6287,0.006
426000,0.00425518024712801,21.0302,0.006
428000,0.0054531642235815525,20.5837,0.006
430000,0.002099490724503994,22.0295,0.006
432000,0.0041433945298194885,20.7824,0.006
434000,0.005697645712643862,20.5997,0.006
436000,0.002871246775612235,100.3876,0.00588235294117647
438000,0.0034871851094067097,20.6025,0.00588235294117647
440000,0.002487091813236475,20.5929,0.00588235294117647
442000,0.00538270827382803,20.9541,0.00588235294117647
444000,0.0029256418347358704,21.4175,0.00588235294117647
446000,0.00415821885690093,22.3658,0.00588235294117647
448000,0.0030302212107926607,20.8789,0.00588235294117647
450000,0.004971481394022703,97.8173,0.005769230769230769
452000,0.002091461094096303,21.0218,0.005769230769230769
454000,0.0021201735362410545,20.7713,0.005769230769230769
456000,0.0018074865220114589,20.7852,0.005769230769230769
458000,0.004520723130553961,21.9402,0.005769230769230769
460000,0.005528885871171951,21.222,0.005769230769230769
462000,0.0023407512344419956,20.9041,0.005769230769230769
464000,0.0032173199579119682,99.3738,0.005660377358490565
466000,0.002228345023468137,20.6405,0.005660377358490565
468000,0.004697310738265514,20.5389,0.005660377358490565
470000,0.0035425869282335043,21.0176,0.005660377358490565
472000,0.003796066390350461,20.9945,0.005660377358490565
474000,0.0012631382560357451,20.6673,0.005660377358490565
476000,0.004008304327726364,21.5736,0.005660377358490565
478000,0.004503662697970867,98.2257,0.005555555555555555
480000,0.005018966738134623,21.9343,0.005555555555555555
482000,0.0036110971122980118,20.4023,0.005555555555555555
484000,0.001951689599081874,21.3562,0.005555555555555555
486000,0.00304373144172132,20.3049,0.005555555555555555
488000,0.004751339089125395,20.8195,0.005555555555555555
490000,0.002540090586990118,20.8797,0.005555555555555555
492000,0.003447685856372118,98.3859,0.005454545454545454
494000,0.002791000995784998,21.1133,0.005454545454545454
496000,0.002823944203555584,21.5911,0.005454545454545454
498000,0.003040051320567727,21.7744,0.005454545454545454
500000,0.003989557269960642,20.5075,0.005454545454545454
502000,0.002840070053935051,21.0501,0.005454545454545454
504000,0.003902642522007227,20.9228,0.005454545454545454
506000,0.0022634565830230713,98.4707,0.005357142857142856
508000,0.0023705223575234413,21.2929,0.005357142857142856
510000,0.0036962786689400673,21.9685,0.005357142857142856
512000,0.0020707903895527124,21.07,0.005357142857142856
514000,0.003631706815212965,20.8308,0.005357142857142856
516000,0.0047159926034510136,21.1832,0.005357142857142856
518000,0.004154951777309179,20.8251,0.005357142857142856
520000,0.002369680441915989,99.1281,0.005263157894736842
522000,0.0028064907528460026,20.8178,0.005263157894736842
524000,0.004097195342183113,21.0366,0.005263157894736842
526000,0.0024802463594824076,21.768,0.005263157894736842
528000,0.0028985110111534595,20.8353,0.005263157894736842
530000,0.002595586236566305,20.7875,0.005263157894736842
532000,0.002448240527883172,22.05,0.005263157894736842
534000,0.0024347412399947643,97.9561,0.005172413793103447
536000,0.00186454551294446,20.7057,0.005172413793103447
538000,0.002458609640598297,21.0203,0.005172413793103447
540000,0.0026319248136132956,20.5614,0.005172413793103447
542000,0.0024095780681818724,22.3953,0.005172413793103447
544000,0.0022750075440853834,21.0513,0.005172413793103447
546000,0.0033972756937146187,20.8196,0.005172413793103447
548000,0.0024545483756810427,98.3744,0.005084745762711864
550000,0.0024734206963330507,20.8595,0.005084745762711864
552000,0.0021312637254595757,20.9578,0.005084745762711864
554000,0.002811333630234003,20.7595,0.005084745762711864
556000,0.001958617474883795,21.5054,0.005084745762711864
558000,0.0018356199143454432,20.8942,0.005084745762711864
560000,0.0029469963628798723,20.6462,0.005084745762711864
562000,0.004242148716002703,98.8774,0.005
564000,0.0017897330690175295,20.6685,0.005
566000,0.0036189761012792587,21.5015,0.005
568000,0.001745408633723855,20.6989,0.005
570000,0.004112096503376961,20.9147,0.005
572000,0.0017125222366303205,21.8952,0.005
574000,0.0031558582559227943,20.9343,0.005
576000,0.0037387674674391747,99.3737,0.0049180327868852455
578000,0.00221141055226326,20.5463,0.0049180327868852455
580000,0.003402206813916564,20.6578,0.0049180327868852455
582000,0.004165666177868843,20.9206,0.0049180327868852455
584000,0.0028088921681046486,20.8372,0.0049180327868852455
586000,0.002542800735682249,20.9066,0.0049180327868852455
588000,0.00231322948820889,22.1653,0.0049180327868852455
590000,0.002918166806921363,97.0759,0.004838709677419354
592000,0.0012972522526979446,21.7378,0.004838709677419354
594000,0.0029273454565554857,22.3783,0.004838709677419354
596000,0.004396119620651007,20.7528,0.004838709677419354
598000,0.0019460200564935803,20.7852,0.004838709677419354
600000,0.0017311061965301633,20.8069,0.004838709677419354
602000,0.005674667190760374,20.8527,0.004838709677419354
604000,0.0032331091351807117,99.44,0.0047619047619047615
606000,0.003953056875616312,21.01,0.0047619047619047615
608000,0.0026144152507185936,21.3076,0.0047619047619047615
610000,0.0031135817989706993,20.6518,0.0047619047619047615
612000,0.0014949917094781995,21.1224,0.0047619047619047615
614000,0.0030770371668040752,20.5684,0.0047619047619047615
616000,0.0034750683698803186,20.5701,0.0047619047619047615
618000,0.002109590219333768,98.3027,0.0046875
620000,0.003248368389904499,20.6715,0.0046875
622000,0.002164280042052269,21.6613,0.0046875
624000,0.0015201505739241838,20.9733,0.0046875
626000,0.0030350617598742247,20.6959,0.0046875
628000,0.0018619396723806858,21.9177,0.0046875
630000,0.0018260845681652427,21.0388,0.0046875
632000,0.0031895788852125406,98.4754,0.004615384615384615
634000,0.002323473570868373,20.3767,0.004615384615384615
636000,0.003772199619561434,20.6572,0.004615384615384615
638000,0.001457524485886097,21.4866,0.004615384615384615
640000,0.001905117998830974,22.1018,0.004615384615384615
642000,0.002189422957599163,21.2189,0.004615384615384615
644000,0.002687939675524831,20.6383,0.004615384615384615
646000,0.0028393673710525036,98.2026,0.004545454545454545
648000,0.0025612644385546446,20.9796,0.004545454545454545
650000,0.0010457512689754367,22.2156,0.004545454545454545
652000,0.0017457827925682068,20.8406,0.004545454545454545
654000,0.0030683334916830063,21.7952,0.004545454545454545
656000,0.002206983510404825,20.4422,0.004545454545454545
658000,0.0019315138924866915,20.8641,0.004545454545454545
660000,0.0027261741925030947,99.6769,0.004477611940298507
662000,0.0026238521095365286,20.6134,0.004477611940298507
664000,0.001179958926513791,20.57,0.004477611940298507
666000,0.0019264252623543143,21.2169,0.004477611940298507
668000,0.002996146446093917,21.8179,0.004477611940298507
670000,0.0009527780930511653,21.1488,0.004477611940298507
672000,0.0022717013489454985,20.6822,0.004477611940298507
674000,0.0015090089291334152,98.4529,0.004411764705882353
676000,0.0018042626325041056,20.7089,0.004411764705882353
678000,0.0015992062399163842,20.9455,0.004411764705882353
680000,0.0018344573909416795,20.5979,0.004411764705882353
682000,0.0019300560234114528,20.6683,0.004411764705882353
684000,0.0031571045983582735,22.2799,0.004411764705882353
686000,0.0017334058647975326,20.7619,0.004411764705882353
688000,0.0015425237361341715,20.4448,0.004411764705882353
690000,0.0032660169526934624,99.5888,0.004347826086956521
692000,0.0015090694651007652,20.5037,0.004347826086956521
694000,0.0011958301765844226,20.8346,0.004347826086956521
696000,0.002891459269449115,20.7162,0.004347826086956521
698000,0.001453619566746056,20.4971,0.004347826086956521
700000,0.001660019624978304,22.047,0.004347826086956521
702000,0.0020955796353518963,20.8485,0.004347826086956521
704000,0.0012353586498647928,98.2701,0.004285714285714286
706000,0.0016431245021522045,21.0596,0.004285714285714286
708000,0.003882096614688635,20.9067,0.004285714285714286
710000,0.0021132987458258867,20.7409,0.004285714285714286
712000,0.0038038843777030706,20.5272,0.004285714285714286
714000,0.0022414219565689564,21.1921,0.004285714285714286
716000,0.0009286178392358124,21.7501,0.004285714285714286
718000,0.0022174979094415903,97.9725,0.004225352112676056
720000,0.001751622767187655,21.6257,0.004225352112676056
722000,0.001864439225755632,21.2349,0.004225352112676056
724000,0.0016713133081793785,21.4204,0.004225352112676056
726000,0.001820894656702876,21.6043,0.004225352112676056
728000,0.002477928763255477,20.5361,0.004225352112676056
730000,0.0022879261523485184,21.5567,0.004225352112676056
732000,0.0005024762358516455,97.1599,0.004166666666666667
734000,0.0017073765629902482,21.8969,0.004166666666666667
736000,0.0015747318975627422,21.1798,0.004166666666666667
738000,0.001955432817339897,20.7659,0.004166666666666667
740000,0.003896725829690695,20.7464,0.004166666666666667
742000,0.0033478913828730583,20.746,0.004166666666666667
744000,0.001850022585131228,20.7032,0.004166666666666667
746000,0.002453902503475547,97.7138,0.00410958904109589
748000,0.001630233833566308,20.7558,0.00410958904109589
750000,0.0012750966707244515,21.5549,0.00410958904109589
752000,0.0019374389667063951,20.6449,0.00410958904109589
754000,0.0008362934459000826,21.0594,0.00410958904109589
756000,0.0034905013162642717,21.1221,0.00410958904109589
758000,0.001326017896644771,20.8598,0.00410958904109589
760000,0.0012486918130889535,100.714,0.004054054054054053
762000,0.0015724766999483109,20.5417,0.004054054054054053
764000,0.0022806820925325155,20.6576,0.004054054054054053
766000,0.0013950060820207,21.6466,0.004054054054054053
768000,0.0012677228078246117,20.635,0.004054054054054053
770000,0.002076114295050502,22.2508,0.004054054054054053
772000,0.0022279974073171616,20.7904,0.004054054054054053
774000,0.0013850441901013255,98.111,0.004
776000,0.0024778980296105146,20.8808,0.004
778000,0.0022807209752500057,20.8453,0.004
780000,0.0024324010591953993,22.4178,0.004
782000,0.0019655462820082903,21.1016,0.004
784000,0.00099172571208328,20.3886,0.004
786000,0.0010725423926487565,21.0007,0.004
788000,0.0033459437545388937,99.7609,0.003947368421052631
790000,0.0024144058115780354,20.7698,0.003947368421052631
792000,0.0023175664246082306,21.0587,0.003947368421052631
794000,0.001744539593346417,20.5906,0.003947368421052631
796000,0.0014655297854915261,21.6155,0.003947368421052631
798000,0.0007736022816970944,21.0027,0.003947368421052631
800000,0.0012549945386126637,20.3376,0.003947368421052631
802000,0.00216073845513165,99.1412,0.0038961038961038952
804000,0.001029057428240776,20.5994,0.0038961038961038952
806000,0.002055202377960086,21.0513,0.0038961038961038952
808000,0.0011138742556795478,21.0017,0.0038961038961038952
810000,0.0017606384353712201,20.7517,0.0038961038961038952
812000,0.0021148836240172386,21.8773,0.0038961038961038952
814000,0.0010630580363795161,20.6749,0.0038961038961038952
816000,0.00330430013127625,97.9931,0.003846153846153846
818000,0.002516163280233741,21.175,0.003846153846153846
820000,0.0016138757346197963,21.8865,0.003846153846153846
822000,0.0010407891822978854,20.6055,0.003846153846153846
824000,0.0010303194867447019,20.6218,0.003846153846153846
826000,0.0018233992159366608,20.9045,0.003846153846153846
828000,0.0011822859523817897,21.3057,0.003846153846153846
830000,0.0013337468262761831,97.6521,0.0037974683544303796
832000,0.002878607017919421,21.445,0.0037974683544303796
834000,0.0020998294930905104,20.4832,0.0037974683544303796
836000,0.0021263849921524525,20.7314,0.0037974683544303796
838000,0.0008498893002979457,21.0152,0.0037974683544303796
840000,0.0024617405142635107,20.8183,0.0037974683544303796
842000,0.0013136845082044601,21.7618,0.0037974683544303796
844000,0.0008919271058402956,97.7568,0.00375
846000,0.001400371897034347,21.6033,0.00375
848000,0.0015508595388382673,21.2776,0.00375
850000,0.0011630674125626683,20.4711,0.00375
852000,0.0005502999993041158,20.9838,0.00375
854000,0.0020141624845564365,21.6599,0.00375
856000,0.0006981889600865543,21.3244,0.00375
858000,0.0017110340995714068,98.0304,0.003703703703703703
860000,0.0018343027913942933,20.8291,0.003703703703703703
862000,0.001627336605452001,21.8643,0.003703703703703703
864000,0.001244103186763823,20.809,0.003703703703703703
866000,0.0013006064109504223,21.4237,0.003703703703703703
868000,0.0012768852757290006,20.3829,0.003703703703703703
870000,0.0008813741151243448,20.8961,0.003703703703703703
872000,0.0015355119248852134,98.2682,0.003658536585365853
874000,0.003031009342521429,20.9756,0.003658536585365853
876000,0.0016664675204083323,20.6419,0.003658536585365853
