count,loss,time,lr
2000,0.6338160037994385,18.8579,0.015
4000,0.5599992275238037,18.7452,0.015
6000,0.5374698042869568,18.825,0.015
8000,0.5111452341079712,18.6001,0.015
10000,0.502433717250824,19.4034,0.015
12000,0.47384727001190186,18.6549,0.015
14000,0.4865706264972687,18.2612,0.015
16000,0.42362821102142334,83.3403,0.014285714285714285
18000,0.42394423484802246,18.6586,0.014285714285714285
20000,0.44028082489967346,18.9865,0.014285714285714285
22000,0.4305892884731293,19.4041,0.014285714285714285
24000,0.4324035346508026,16.1119,0.014285714285714285
26000,0.42004701495170593,15.7858,0.014285714285714285
28000,0.4350930154323578,16.3367,0.014285714285714285
30000,0.39848455786705017,77.1864,0.013636363636363634
32000,0.3736632168292999,16.3363,0.013636363636363634
34000,0.38900625705718994,16.1212,0.013636363636363634
36000,0.3867625296115875,16.5472,0.013636363636363634
38000,0.37635958194732666,16.0278,0.013636363636363634
40000,0.3784998953342438,16.3079,0.013636363636363634
42000,0.39690688252449036,16.4677,0.013636363636363634
44000,0.36549150943756104,77.1919,0.013043478260869566
46000,0.3562868535518646,16.013,0.013043478260869566
48000,0.361981064081192,16.3456,0.013043478260869566
50000,0.35496997833251953,16.4491,0.013043478260869566
52000,0.34697791934013367,16.0946,0.013043478260869566
54000,0.37322482466697693,15.9224,0.013043478260869566
56000,0.3568199872970581,16.3013,0.013043478260869566
58000,0.3243502378463745,77.9998,0.0125
60000,0.3424017131328583,16.2739,0.0125
62000,0.3265542984008789,17.2401,0.0125
64000,0.3512275516986847,16.2116,0.0125
66000,0.3341401517391205,15.6178,0.0125
68000,0.3208731710910797,16.1542,0.0125
70000,0.3458532392978668,16.2301,0.0125
72000,0.314328670501709,78.6965,0.012
74000,0.3396049439907074,16.1734,0.012
76000,0.32141825556755066,16.4403,0.012
78000,0.30821216106414795,17.0676,0.012
80000,0.30787792801856995,16.634,0.012
82000,0.32483601570129395,16.1454,0.012
84000,0.3179005980491638,15.6128,0.012
86000,0.29473474621772766,75.4926,0.011538461538461537
88000,0.3066692352294922,17.1482,0.011538461538461537
90000,0.29685187339782715,15.7813,0.011538461538461537
92000,0.2988907992839813,16.2144,0.011538461538461537
94000,0.31211864948272705,16.286,0.011538461538461537
96000,0.2967955768108368,16.2936,0.011538461538461537
98000,0.32095053791999817,16.1669,0.011538461538461537
100000,0.27510425448417664,76.7979,0.01111111111111111
102000,0.2942407727241516,16.1857,0.01111111111111111
104000,0.28001290559768677,16.5046,0.01111111111111111
106000,0.2853437066078186,16.009,0.01111111111111111
108000,0.2910364270210266,16.195,0.01111111111111111
110000,0.28259721398353577,16.2869,0.01111111111111111
112000,0.2998373210430145,16.1412,0.01111111111111111
114000,0.28939664363861084,74.5561,0.010714285714285714
116000,0.2811732292175293,16.6649,0.010714285714285714
118000,0.2693605124950409,17.1998,0.010714285714285714
120000,0.2738572359085083,16.6082,0.010714285714285714
122000,0.2658248543739319,16.1468,0.010714285714285714
124000,0.28308340907096863,15.8925,0.010714285714285714
126000,0.2800861895084381,16.6809,0.010714285714285714
128000,0.2611742317676544,76.2337,0.010344827586206895
130000,0.2620192766189575,17.0337,0.010344827586206895
132000,0.2736716866493225,15.8607,0.010344827586206895
134000,0.2503771185874939,15.9972,0.010344827586206895
136000,0.26224178075790405,16.0764,0.010344827586206895
138000,0.2730480432510376,17.131,0.010344827586206895
140000,0.26355767250061035,16.4392,0.010344827586206895
142000,0.2674837112426758,76.107,0.01
144000,0.24776333570480347,16.062,0.01
146000,0.2533142864704132,16.4572,0.01
148000,0.25886380672454834,15.7569,0.01
150000,0.2658642530441284,16.4051,0.01
152000,0.25681623816490173,16.863,0.01
154000,0.2480190098285675,16.3636,0.01
156000,0.25033149123191833,76.6032,0.009677419354838708
158000,0.23714421689510345,16.3193,0.009677419354838708
160000,0.24641761183738708,17.2506,0.009677419354838708
162000,0.23998014628887177,16.3233,0.009677419354838708
164000,0.25769487023353577,16.333,0.009677419354838708
166000,0.2408478707075119,16.0819,0.009677419354838708
168000,0.24336668848991394,16.0256,0.009677419354838708
170000,0.23434850573539734,75.8615,0.009375
172000,0.23383739590644836,17.0636,0.009375
174000,0.251483678817749,17.0644,0.009375
176000,0.2336806356906891,16.1467,0.009375
178000,0.24350672960281372,15.9072,0.009375
180000,0.24594002962112427,16.1015,0.009375
182000,0.231183722615242,15.9087,0.009375
184000,0.2230135202407837,77.7239,0.00909090909090909
186000,0.23261962831020355,17.1531,0.00909090909090909
188000,0.2255234271287918,16.491,0.00909090909090909
190000,0.22539064288139343,15.6161,0.00909090909090909
192000,0.2303859442472458,16.2045,0.00909090909090909
194000,0.22857452929019928,16.0134,0.00909090909090909
196000,0.23303666710853577,16.2238,0.00909090909090909
198000,0.21074368059635162,75.2605,0.008823529411764704
200000,0.20919933915138245,16.1928,0.008823529411764704
202000,0.22014139592647552,17.0287,0.008823529411764704
204000,0.21298997104167938,16.6391,0.008823529411764704
206000,0.23370324075222015,16.6038,0.008823529411764704
208000,0.22124731540679932,15.8518,0.008823529411764704
210000,0.23003710806369781,16.4032,0.008823529411764704
212000,0.2223641723394394,76.6104,0.008571428571428572
214000,0.209465891122818,16.3831,0.008571428571428572
216000,0.20988422632217407,16.2469,0.008571428571428572
218000,0.2000574767589569,15.9148,0.008571428571428572
220000,0.2149074822664261,16.2127,0.008571428571428572
222000,0.21772700548171997,16.0043,0.008571428571428572
224000,0.20961438119411469,16.453,0.008571428571428572
226000,0.19447089731693268,76.5527,0.008333333333333333
228000,0.19535619020462036,16.4094,0.008333333333333333
230000,0.21205560863018036,16.0037,0.008333333333333333
232000,0.20265862345695496,16.0572,0.008333333333333333
234000,0.21688558161258698,16.993,0.008333333333333333
236000,0.20264269411563873,15.8518,0.008333333333333333
238000,0.22056937217712402,16.6252,0.008333333333333333
240000,0.19545584917068481,75.5919,0.008108108108108107
242000,0.20238463580608368,16.8907,0.008108108108108107
244000,0.20089051127433777,16.6293,0.008108108108108107
246000,0.20808865129947662,16.3123,0.008108108108108107
248000,0.1868518888950348,16.1946,0.008108108108108107
250000,0.2036859095096588,15.9316,0.008108108108108107
252000,0.20010307431221008,16.0858,0.008108108108108107
254000,0.18729734420776367,76.6844,0.007894736842105262
256000,0.18951328098773956,16.1672,0.007894736842105262
258000,0.18689295649528503,16.1834,0.007894736842105262
260000,0.19837449491024017,16.387,0.007894736842105262
262000,0.1890379637479782,16.1571,0.007894736842105262
264000,0.19371925294399261,16.3974,0.007894736842105262
266000,0.199777752161026,16.4501,0.007894736842105262
268000,0.19419164955615997,75.8784,0.007692307692307691
270000,0.18647019565105438,16.6404,0.007692307692307691
272000,0.20070312917232513,16.3972,0.007692307692307691
274000,0.18634045124053955,16.1773,0.007692307692307691
276000,0.19571155309677124,16.6376,0.007692307692307691
278000,0.1792534589767456,15.9038,0.007692307692307691
280000,0.1983710378408432,15.8673,0.007692307692307691
282000,0.17319440841674805,76.3244,0.0075
284000,0.18879765272140503,16.505,0.0075
286000,0.193299800157547,16.1669,0.0075
288000,0.17629756033420563,16.2429,0.0075
290000,0.18272638320922852,16.284,0.0075
292000,0.18496344983577728,16.4516,0.0075
294000,0.18190178275108337,16.3089,0.0075
296000,0.18387331068515778,76.5795,0.007317073170731708
298000,0.16838020086288452,15.5748,0.007317073170731708
300000,0.175355926156044,16.365,0.007317073170731708
302000,0.1772192120552063,16.5852,0.007317073170731708
304000,0.1786273717880249,16.1704,0.007317073170731708
306000,0.1842549443244934,16.3048,0.007317073170731708
308000,0.18386417627334595,16.9827,0.007317073170731708
310000,0.1653689295053482,76.3349,0.007142857142857143
312000,0.16713838279247284,16.3323,0.007142857142857143
314000,0.17094409465789795,16.1638,0.007142857142857143
316000,0.17173926532268524,16.2461,0.007142857142857143
318000,0.18491095304489136,16.5548,0.007142857142857143
320000,0.18320022523403168,16.1125,0.007142857142857143
322000,0.1708107590675354,16.199,0.007142857142857143
324000,0.15574881434440613,75.7422,0.00697674418604651
326000,0.17210647463798523,16.8475,0.00697674418604651
328000,0.1532769650220871,15.8949,0.00697674418604651
330000,0.17002372443675995,16.7684,0.00697674418604651
332000,0.17109355330467224,16.1744,0.00697674418604651
334000,0.1802811324596405,16.4951,0.00697674418604651
336000,0.16907860338687897,15.8458,0.00697674418604651
338000,0.16104638576507568,76.3286,0.006818181818181817
340000,0.16330072283744812,16.091,0.006818181818181817
342000,0.16801732778549194,16.1905,0.006818181818181817
344000,0.16317442059516907,16.2967,0.006818181818181817
346000,0.1662752777338028,16.2884,0.006818181818181817
348000,0.1638103425502777,16.4496,0.006818181818181817
350000,0.1637631356716156,15.9229,0.006818181818181817
352000,0.17027601599693298,75.497,0.006666666666666666
354000,0.15464824438095093,16.0555,0.006666666666666666
356000,0.15591098368167877,15.9283,0.006666666666666666
358000,0.163446843624115,16.8001,0.006666666666666666
360000,0.15496568381786346,16.3896,0.006666666666666666
362000,0.16599521040916443,16.1146,0.006666666666666666
364000,0.15710805356502533,16.1485,0.006666666666666666
366000,0.16518700122833252,76.5876,0.006521739130434783
368000,0.14577093720436096,16.4634,0.006521739130434783
370000,0.16669729351997375,15.9132,0.006521739130434783
372000,0.1436159312725067,16.023,0.006521739130434783
374000,0.1597180813550949,16.3137,0.006521739130434783
376000,0.15827308595180511,16.0275,0.006521739130434783
378000,0.15643711388111115,15.9583,0.006521739130434783
380000,0.16402553021907806,77.6476,0.006382978723404255
382000,0.1511726677417755,15.9105,0.006382978723404255
384000,0.15038807690143585,16.2768,0.006382978723404255
386000,0.15101352334022522,16.1722,0.006382978723404255
388000,0.14654715359210968,16.5937,0.006382978723404255
390000,0.15647676587104797,16.5673,0.006382978723404255
392000,0.15033316612243652,17.1083,0.006382978723404255
394000,0.15329700708389282,75.3172,0.006249999999999999
396000,0.14383402466773987,16.908,0.006249999999999999
398000,0.14221550524234772,15.8306,0.006249999999999999
400000,0.1503453105688095,16.3436,0.006249999999999999
402000,0.136504128575325,15.3156,0.006249999999999999
404000,0.15580832958221436,16.2448,0.006249999999999999
406000,0.15907533466815948,16.7155,0.006249999999999999
408000,0.1407785266637802,77.528,0.006122448979591836
410000,0.14820758998394012,16.4868,0.006122448979591836
412000,0.1420271396636963,15.7749,0.006122448979591836
414000,0.1539122611284256,16.1825,0.006122448979591836
416000,0.15037745237350464,16.271,0.006122448979591836
418000,0.14696961641311646,16.6583,0.006122448979591836
420000,0.15106822550296783,15.7029,0.006122448979591836
422000,0.14671748876571655,77.2442,0.006
424000,0.13849560916423798,16.6174,0.006
426000,0.1501571089029312,16.74,0.006
428000,0.14336422085762024,16.3111,0.006
430000,0.13961894810199738,15.9231,0.006
432000,0.14952701330184937,16.9092,0.006
434000,0.14052920043468475,16.1112,0.006
436000,0.13836641609668732,76.6605,0.00588235294117647
438000,0.125844344496727,15.8806,0.00588235294117647
440000,0.1397814154624939,16.0319,0.00588235294117647
442000,0.13965950906276703,15.7253,0.00588235294117647
444000,0.13806909322738647,16.701,0.00588235294117647
446000,0.14340007305145264,16.4801,0.00588235294117647
448000,0.14467409253120422,16.477,0.00588235294117647
450000,0.13410626351833344,75.8636,0.005769230769230769
452000,0.14135649800300598,16.062,0.005769230769230769
454000,0.13568806648254395,16.8844,0.005769230769230769
456000,0.13239310681819916,16.5376,0.005769230769230769
458000,0.13427716493606567,15.8654,0.005769230769230769
460000,0.13954152166843414,15.8039,0.005769230769230769
462000,0.14900201559066772,16.6165,0.005769230769230769
464000,0.13557559251785278,76.6704,0.005660377358490565
466000,0.13193099200725555,16.2359,0.005660377358490565
468000,0.1344926804304123,16.1501,0.005660377358490565
470000,0.13334590196609497,16.1731,0.005660377358490565
472000,0.13158875703811646,16.0709,0.005660377358490565
474000,0.1384005844593048,16.6153,0.005660377358490565
476000,0.13289768993854523,16.3481,0.005660377358490565
478000,0.13742972910404205,76.8375,0.005555555555555555
480000,0.12959721684455872,16.3194,0.005555555555555555
482000,0.1259109228849411,16.051,0.005555555555555555
484000,0.13541646301746368,17.4592,0.005555555555555555
486000,0.13126792013645172,16.0549,0.005555555555555555
488000,0.1393475979566574,16.102,0.005555555555555555
490000,0.1397544890642166,15.7845,0.005555555555555555
492000,0.1324392557144165,76.0656,0.005454545454545454
494000,0.13298477232456207,16.341,0.005454545454545454
496000,0.12927217781543732,16.22,0.005454545454545454
498000,0.12726734578609467,15.7925,0.005454545454545454
500000,0.13082705438137054,16.5059,0.005454545454545454
502000,0.12551218271255493,15.9468,0.005454545454545454
504000,0.13651128113269806,16.1438,0.005454545454545454
506000,0.1321534365415573,77.577,0.005357142857142856
508000,0.1264401525259018,15.9385,0.005357142857142856
510000,0.11796639114618301,16.1226,0.005357142857142856
512000,0.1268341839313507,16.5166,0.005357142857142856
514000,0.12144739925861359,16.6297,0.005357142857142856
516000,0.13357944786548615,16.7485,0.005357142857142856
518000,0.12636397778987885,15.8038,0.005357142857142856
520000,0.12764841318130493,76.271,0.005263157894736842
522000,0.12341466546058655,16.4186,0.005263157894736842
524000,0.1284804493188858,16.7943,0.005263157894736842
526000,0.12333380430936813,15.8594,0.005263157894736842
528000,0.13060827553272247,16.3461,0.005263157894736842
530000,0.13345132768154144,15.6606,0.005263157894736842
532000,0.1267804503440857,16.095,0.005263157894736842
534000,0.11825345456600189,76.1962,0.005172413793103447
536000,0.107444629073143,28.8503,0.005172413793103447
538000,0.1326785385608673,16.1868,0.005172413793103447
540000,0.11324416846036911,15.7723,0.005172413793103447
542000,0.12403856962919235,16.799,0.005172413793103447
544000,0.1291196495294571,16.0269,0.005172413793103447
546000,0.13216617703437805,16.0822,0.005172413793103447
548000,0.11995378136634827,77.9647,0.005084745762711864
550000,0.12234175950288773,16.5753,0.005084745762711864
552000,0.1302962750196457,16.4926,0.005084745762711864
554000,0.11981648951768875,16.1166,0.005084745762711864
556000,0.11183139681816101,16.7576,0.005084745762711864
558000,0.11976497620344162,15.8401,0.005084745762711864
560000,0.1201501116156578,15.9006,0.005084745762711864
562000,0.11648962646722794,76.5047,0.005
564000,0.10207067430019379,15.797,0.005
566000,0.1153554916381836,16.1792,0.005
568000,0.11637938022613525,16.3635,0.005
570000,0.1265563666820526,16.6425,0.005
572000,0.1174909844994545,16.2708,0.005
574000,0.12543229758739471,15.7662,0.005
576000,0.11571484804153442,75.4031,0.0049180327868852455
578000,0.10891975462436676,16.1575,0.0049180327868852455
580000,0.11209611594676971,15.9252,0.0049180327868852455
582000,0.11396294832229614,16.4602,0.0049180327868852455
584000,0.11467063426971436,16.1421,0.0049180327868852455
586000,0.12768113613128662,16.44,0.0049180327868852455
588000,0.12279269844293594,15.8032,0.0049180327868852455
590000,0.10760863870382309,77.3976,0.004838709677419354
592000,0.11217817664146423,16.5908,0.004838709677419354
594000,0.11233524233102798,16.0106,0.004838709677419354
596000,0.10705256462097168,16.5135,0.004838709677419354
598000,0.11331436783075333,16.5012,0.004838709677419354
600000,0.12200333178043365,16.3588,0.004838709677419354
602000,0.11052868515253067,16.4334,0.004838709677419354
604000,0.11838582158088684,75.3591,0.0047619047619047615
606000,0.11059775203466415,15.6294,0.0047619047619047615
608000,0.10987352579832077,16.4805,0.0047619047619047615
610000,0.10872076451778412,16.2444,0.0047619047619047615
612000,0.11383379995822906,16.2757,0.0047619047619047615
614000,0.1074480265378952,16.0396,0.0047619047619047615
616000,0.1108979657292366,16.1533,0.0047619047619047615
618000,0.12147900462150574,76.7813,0.0046875
620000,0.10657969117164612,16.1558,0.0046875
622000,0.10658146440982819,16.0745,0.0046875
624000,0.11210006475448608,16.0515,0.0046875
626000,0.1133827343583107,15.7132,0.0046875
628000,0.10699671506881714,16.416,0.0046875
630000,0.1135919913649559,16.8687,0.0046875
632000,0.11708979308605194,75.9651,0.004615384615384615
634000,0.10107997804880142,15.6534,0.004615384615384615
636000,0.10483977198600769,15.9731,0.004615384615384615
638000,0.10856153070926666,17.6072,0.004615384615384615
640000,0.11564121395349503,17.1292,0.004615384615384615
642000,0.1074332594871521,16.1875,0.004615384615384615
644000,0.115796759724617,15.7656,0.004615384615384615
646000,0.12431495636701584,75.8337,0.004545454545454545
648000,0.10776396840810776,16.723,0.004545454545454545
650000,0.10740885883569717,15.6917,0.004545454545454545
652000,0.10626601427793503,16.2696,0.004545454545454545
654000,0.10879505425691605,15.9286,0.004545454545454545
656000,0.10186300426721573,16.0047,0.004545454545454545
658000,0.10329260677099228,15.8713,0.004545454545454545
660000,0.10686147212982178,75.848,0.004477611940298507
662000,0.10576602071523666,16.1615,0.004477611940298507
664000,0.09995482116937637,15.8221,0.004477611940298507
666000,0.11591000854969025,16.3332,0.004477611940298507
668000,0.1114494800567627,16.5374,0.004477611940298507
670000,0.10820939391851425,16.0243,0.004477611940298507
672000,0.10272468626499176,15.8769,0.004477611940298507
674000,0.11047876626253128,76.9234,0.004411764705882353
676000,0.09704048186540604,15.9989,0.004411764705882353
678000,0.10406182706356049,16.3682,0.004411764705882353
680000,0.10636182129383087,16.0023,0.004411764705882353
682000,0.11071281135082245,16.5197,0.004411764705882353
684000,0.10723759979009628,16.4731,0.004411764705882353
686000,0.10688473284244537,15.7152,0.004411764705882353
688000,0.10374609380960464,16.5563,0.004411764705882353
690000,0.10243818908929825,75.5438,0.004347826086956521
692000,0.09752189368009567,15.8937,0.004347826086956521
694000,0.10943440347909927,16.0487,0.004347826086956521
696000,0.1088063046336174,16.6264,0.004347826086956521
698000,0.10809806734323502,16.3146,0.004347826086956521
700000,0.10345590114593506,16.4425,0.004347826086956521
702000,0.09993985295295715,16.1931,0.004347826086956521
704000,0.09011583030223846,75.2472,0.004285714285714286
706000,0.10414553433656693,16.3365,0.004285714285714286
708000,0.10152377188205719,16.0974,0.004285714285714286
710000,0.10148411989212036,16.1137,0.004285714285714286
712000,0.10021813958883286,15.9431,0.004285714285714286
714000,0.10663419216871262,16.1613,0.004285714285714286
716000,0.10029175877571106,16.3848,0.004285714285714286
718000,0.10037150233983994,76.1712,0.004225352112676056
720000,0.090525321662426,16.573,0.004225352112676056
722000,0.11176109313964844,16.8495,0.004225352112676056
724000,0.09745577722787857,16.5842,0.004225352112676056
726000,0.10696746408939362,16.7977,0.004225352112676056
728000,0.10061266273260117,15.8696,0.004225352112676056
730000,0.09719954431056976,15.6825,0.004225352112676056
732000,0.0984887033700943,77.5768,0.004166666666666667
734000,0.09746066480875015,16.3287,0.004166666666666667
736000,0.10198640078306198,16.2484,0.004166666666666667
738000,0.09573178738355637,16.2326,0.004166666666666667
740000,0.0945054367184639,16.4891,0.004166666666666667
742000,0.10038100928068161,16.2036,0.004166666666666667
744000,0.10424404591321945,15.7423,0.004166666666666667
746000,0.08735451102256775,75.9857,0.00410958904109589
748000,0.10230167955160141,16.1643,0.00410958904109589
750000,0.10276786983013153,15.9578,0.00410958904109589
752000,0.09945040196180344,16.1197,0.00410958904109589
754000,0.09747719019651413,16.4182,0.00410958904109589
756000,0.10242323577404022,16.4504,0.00410958904109589
758000,0.09448317438364029,17.1178,0.00410958904109589
760000,0.09602852910757065,75.3512,0.004054054054054053
762000,0.09725751727819443,16.684,0.004054054054054053
764000,0.09823407977819443,17.1575,0.004054054054054053
766000,0.09324866533279419,16.0429,0.004054054054054053
768000,0.0958508774638176,15.8175,0.004054054054054053
770000,0.10224968194961548,17.2946,0.004054054054054053
772000,0.09914717078208923,16.0892,0.004054054054054053
774000,0.10249297320842743,77.323,0.004
776000,0.09597030282020569,16.0829,0.004
778000,0.09519831091165543,15.8841,0.004
780000,0.09349440783262253,16.2257,0.004
782000,0.09376164525747299,16.3143,0.004
784000,0.09864148497581482,16.6112,0.004
786000,0.10056698322296143,16.039,0.004
788000,0.09274976700544357,76.179,0.003947368421052631
790000,0.09443636238574982,16.0999,0.003947368421052631
792000,0.09677965193986893,16.9753,0.003947368421052631
794000,0.08996953815221786,16.1181,0.003947368421052631
796000,0.08939561247825623,16.141,0.003947368421052631
798000,0.10521966964006424,16.8091,0.003947368421052631
800000,0.09669771045446396,15.8023,0.003947368421052631
802000,0.08808639645576477,75.8275,0.0038961038961038952
804000,0.09176076948642731,16.2899,0.0038961038961038952
806000,0.09637527167797089,16.0556,0.0038961038961038952
808000,0.09649423509836197,16.6974,0.0038961038961038952
810000,0.09193649888038635,16.0982,0.0038961038961038952
812000,0.09143052250146866,16.0003,0.0038961038961038952
814000,0.09316825866699219,16.5467,0.0038961038961038952
816000,0.09524057060480118,76.4265,0.003846153846153846
818000,0.0921577736735344,16.6863,0.003846153846153846
820000,0.0909532755613327,16.6876,0.003846153846153846
822000,0.08931215107440948,16.0106,0.003846153846153846
824000,0.09261661767959595,15.8938,0.003846153846153846
826000,0.08943430334329605,15.6676,0.003846153846153846
828000,0.09608058631420135,16.2961,0.003846153846153846
830000,0.09095034003257751,76.181,0.0037974683544303796
832000,0.08538970351219177,15.8903,0.0037974683544303796
834000,0.09257104247808456,15.7792,0.0037974683544303796
836000,0.09386657178401947,15.9029,0.0037974683544303796
838000,0.08563067764043808,16.1778,0.0037974683544303796
840000,0.09530267864465714,17.1278,0.0037974683544303796
842000,0.09876623749732971,16.2804,0.0037974683544303796
844000,0.0823696032166481,77.8322,0.00375
846000,0.08714628219604492,15.9485,0.00375
848000,0.09175007790327072,15.7999,0.00375
850000,0.08842692524194717,16.0096,0.00375
852000,0.08568397909402847,17.1766,0.00375
854000,0.09976883977651596,16.3169,0.00375
856000,0.09465780854225159,16.2649,0.00375
858000,0.08905640989542007,76.0868,0.003703703703703703
860000,0.09068624675273895,16.2686,0.003703703703703703
862000,0.09495960921049118,16.2382,0.003703703703703703
864000,0.08334873616695404,16.2109,0.003703703703703703
866000,0.08768964558839798,16.0909,0.003703703703703703
868000,0.09616436809301376,16.2883,0.003703703703703703
870000,0.0925673395395279,15.998,0.003703703703703703
872000,0.08856237679719925,75.4002,0.003658536585365853
874000,0.09167671203613281,16.0508,0.003658536585365853
876000,0.08434159308671951,16.0885,0.003658536585365853
878000,0.08523673564195633,15.8359,0.003658536585365853
880000,0.08628364652395248,16.7868,0.003658536585365853
882000,0.08592700958251953,16.8509,0.003658536585365853
884000,0.09400337934494019,16.4867,0.003658536585365853
886000,0.08166097104549408,75.5524,0.003614457831325301
888000,0.08181510120630264,16.8962,0.003614457831325301
890000,0.09532690793275833,15.9408,0.003614457831325301
892000,0.0833100900053978,15.7326,0.003614457831325301
894000,0.09296678751707077,15.9219,0.003614457831325301
896000,0.09004765003919601,16.2683,0.003614457831325301
898000,0.10110902786254883,16.2768,0.003614457831325301
900000,0.0875384658575058,79.6533,0.0035714285714285713
902000,0.08243609964847565,16.1562,0.0035714285714285713
904000,0.08969128131866455,17.2237,0.0035714285714285713
906000,0.08451229333877563,16.5232,0.0035714285714285713
908000,0.07870112359523773,15.6845,0.0035714285714285713
910000,0.07686714082956314,17.9467,0.0035714285714285713
912000,0.09722580760717392,15.9227,0.0035714285714285713
914000,0.08135504275560379,75.7431,0.003529411764705882
916000,0.08267196267843246,16.3285,0.003529411764705882
918000,0.08276291191577911,16.5077,0.003529411764705882
920000,0.089328333735466,15.9414,0.003529411764705882
922000,0.09958335012197495,16.3237,0.003529411764705882
924000,0.08606155216693878,16.7535,0.003529411764705882
926000,0.08526352792978287,16.1159,0.003529411764705882
928000,0.08474794775247574,77.8802,0.003488372093023255
930000,0.07362984865903854,15.9714,0.003488372093023255
932000,0.07911156117916107,15.921,0.003488372093023255
934000,0.08456511050462723,16.0882,0.003488372093023255
936000,0.09437302500009537,16.1246,0.003488372093023255
938000,0.09416131675243378,16.3385,0.003488372093023255
940000,0.08396085351705551,16.6573,0.003488372093023255
942000,0.08734665811061859,75.5702,0.003448275862068965
944000,0.08585303276777267,15.6407,0.003448275862068965
946000,0.0749303475022316,16.4014,0.003448275862068965
948000,0.08551255613565445,16.0095,0.003448275862068965
950000,0.0864204615354538,16.4432,0.003448275862068965
952000,0.08923923224210739,16.8997,0.003448275862068965
954000,0.08575891703367233,16.6069,0.003448275862068965
956000,0.08025480061769485,75.7219,0.0034090909090909085
958000,0.07883410900831223,16.0489,0.0034090909090909085
960000,0.08067984133958817,15.9511,0.0034090909090909085
962000,0.08782943338155746,16.5806,0.0034090909090909085
964000,0.08424080908298492,16.5326,0.0034090909090909085
966000,0.0864972472190857,15.9676,0.0034090909090909085
968000,0.07969232648611069,16.4816,0.0034090909090909085
