count,loss,time,lr
2000,0.6486271619796753,15.0144,0.015
4000,0.5957608819007874,14.994,0.015
6000,0.5827054977416992,15.1957,0.015
8000,0.5630719065666199,16.0038,0.015
10000,0.5557227730751038,15.2317,0.015
12000,0.539883017539978,15.158,0.015
14000,0.560512125492096,14.989,0.015
16000,0.4795340597629547,75.5774,0.014285714285714285
18000,0.48541441559791565,15.1579,0.014285714285714285
20000,0.511256217956543,15.7855,0.014285714285714285
22000,0.47440460324287415,15.2838,0.014285714285714285
24000,0.49657896161079407,15.2871,0.014285714285714285
26000,0.4751431941986084,14.9657,0.014285714285714285
28000,0.4895859956741333,15.1784,0.014285714285714285
30000,0.45128288865089417,76.4865,0.013636363636363634
32000,0.42978307604789734,15.4177,0.013636363636363634
34000,0.44123247265815735,15.1539,0.013636363636363634
36000,0.4374379515647888,14.9725,0.013636363636363634
38000,0.4372383952140808,15.3432,0.013636363636363634
40000,0.42260926961898804,15.4281,0.013636363636363634
42000,0.45508867502212524,15.2951,0.013636363636363634
44000,0.4231494069099426,76.025,0.013043478260869566
46000,0.40775614976882935,15.4477,0.013043478260869566
48000,0.404215544462204,15.2079,0.013043478260869566
50000,0.4083269238471985,15.2854,0.013043478260869566
52000,0.3989047110080719,15.6349,0.013043478260869566
54000,0.4160964787006378,15.041,0.013043478260869566
56000,0.4082905650138855,14.9844,0.013043478260869566
58000,0.37047651410102844,75.88,0.0125
60000,0.38879480957984924,15.2277,0.0125
62000,0.3743269443511963,15.2288,0.0125
64000,0.4010557234287262,15.2708,0.0125
66000,0.3892182409763336,14.8636,0.0125
68000,0.3694095313549042,14.9594,0.0125
70000,0.39763838052749634,15.3095,0.0125
72000,0.3599894344806671,75.3852,0.012
74000,0.38458728790283203,15.4238,0.012
76000,0.3612622022628784,15.1115,0.012
78000,0.3521515727043152,15.1939,0.012
80000,0.3555578291416168,25.9724,0.012
82000,0.3665759265422821,19.0938,0.012
84000,0.37107235193252563,17.4054,0.012
86000,0.3297314941883087,186.301,0.011538461538461537
88000,0.34681645035743713,15.4015,0.011538461538461537
90000,0.3372809588909149,14.7545,0.011538461538461537
92000,0.3390411138534546,14.5762,0.011538461538461537
94000,0.35720399022102356,15.0624,0.011538461538461537
96000,0.34054937958717346,14.9037,0.011538461538461537
98000,0.3592766523361206,14.8833,0.011538461538461537
100000,0.3108311593532562,104.2782,0.01111111111111111
102000,0.32832664251327515,22.8273,0.01111111111111111
104000,0.3243345022201538,15.4676,0.01111111111111111
106000,0.32569393515586853,14.9623,0.01111111111111111
108000,0.33001509308815,14.8976,0.01111111111111111
110000,0.32433202862739563,15.0802,0.01111111111111111
112000,0.3400789201259613,14.9152,0.01111111111111111
114000,0.3295309543609619,73.5515,0.010714285714285714
116000,0.3263201415538788,14.4865,0.010714285714285714
118000,0.29681307077407837,14.8536,0.010714285714285714
120000,0.31024789810180664,14.6298,0.010714285714285714
122000,0.3054218292236328,14.246,0.010714285714285714
124000,0.31361594796180725,14.3958,0.010714285714285714
126000,0.30929034948349,14.517,0.010714285714285714
128000,0.28765252232551575,74.8556,0.010344827586206895
130000,0.29721638560295105,16.551,0.010344827586206895
132000,0.29864659905433655,14.7968,0.010344827586206895
134000,0.28773245215415955,14.358,0.010344827586206895
136000,0.30176985263824463,15.4137,0.010344827586206895
138000,0.3083152174949646,16.4704,0.010344827586206895
140000,0.30015063285827637,16.6993,0.010344827586206895
142000,0.29739469289779663,72.2802,0.01
144000,0.28183382749557495,16.6395,0.01
146000,0.28268489241600037,16.0308,0.01
148000,0.278817355632782,16.5397,0.01
150000,0.2948448657989502,16.4834,0.01
152000,0.2903566062450409,16.515,0.01
154000,0.2766549587249756,16.3919,0.01
156000,0.276972234249115,71.8793,0.009677419354838708
158000,0.2674301564693451,15.4643,0.009677419354838708
160000,0.27730992436408997,14.7198,0.009677419354838708
162000,0.26287052035331726,14.3848,0.009677419354838708
164000,0.2775098383426666,14.435,0.009677419354838708
166000,0.2667147219181061,14.2793,0.009677419354838708
168000,0.2682015001773834,16.9806,0.009677419354838708
170000,0.25803396105766296,89.7815,0.009375
172000,0.25543466210365295,47.8151,0.009375
174000,0.2696802020072937,14.8873,0.009375
176000,0.26074907183647156,52.1776,0.009375
178000,0.27922725677490234,14.1732,0.009375
180000,0.2734265625476837,26.2732,0.009375
182000,0.2567848563194275,14.2918,0.009375
184000,0.2392294853925705,81.2467,0.00909090909090909
186000,0.2564569115638733,14.3931,0.00909090909090909
188000,0.25144752860069275,14.4984,0.00909090909090909
190000,0.24815653264522552,14.0328,0.00909090909090909
192000,0.2584502696990967,14.5342,0.00909090909090909
194000,0.26583394408226013,14.3024,0.00909090909090909
196000,0.2635331153869629,14.7786,0.00909090909090909
198000,0.23705843091011047,70.5622,0.008823529411764704
200000,0.2348341941833496,14.2901,0.008823529411764704
202000,0.2423020899295807,14.4809,0.008823529411764704
204000,0.23900115489959717,14.2834,0.008823529411764704
206000,0.26158109307289124,15.1831,0.008823529411764704
208000,0.23971952497959137,15.2717,0.008823529411764704
210000,0.252668559551239,14.3916,0.008823529411764704
212000,0.24623705446720123,69.4133,0.008571428571428572
214000,0.23647235333919525,15.2746,0.008571428571428572
216000,0.23497283458709717,14.3477,0.008571428571428572
218000,0.22053799033164978,14.1745,0.008571428571428572
220000,0.24219870567321777,14.4969,0.008571428571428572
222000,0.2485923022031784,14.9528,0.008571428571428572
224000,0.23098012804985046,14.4068,0.008571428571428572
226000,0.22913813591003418,71.4758,0.008333333333333333
228000,0.21914634108543396,15.2707,0.008333333333333333
230000,0.23878692090511322,14.3109,0.008333333333333333
232000,0.23146411776542664,14.4675,0.008333333333333333
234000,0.2326270192861557,14.5564,0.008333333333333333
236000,0.2230900675058365,14.1205,0.008333333333333333
238000,0.23499876260757446,14.8434,0.008333333333333333
240000,0.21733993291854858,70.416,0.008108108108108107
242000,0.22244477272033691,14.3959,0.008108108108108107
244000,0.21619607508182526,14.3253,0.008108108108108107
246000,0.2251851111650467,14.4604,0.008108108108108107
248000,0.2122560292482376,15.2503,0.008108108108108107
250000,0.22232386469841003,15.1699,0.008108108108108107
252000,0.22025467455387115,14.359,0.008108108108108107
254000,0.2017907202243805,69.5982,0.007894736842105262
256000,0.20743992924690247,14.3726,0.007894736842105262
258000,0.21000951528549194,14.2791,0.007894736842105262
260000,0.21991823613643646,15.3733,0.007894736842105262
262000,0.20960840582847595,13.7908,0.007894736842105262
264000,0.2279404103755951,13.9066,0.007894736842105262
266000,0.2219279408454895,14.0034,0.007894736842105262
268000,0.19751524925231934,70.6995,0.007692307692307691
270000,0.20351393520832062,15.2129,0.007692307692307691
272000,0.21649233996868134,13.9218,0.007692307692307691
274000,0.20744796097278595,13.9005,0.007692307692307691
276000,0.20954149961471558,14.0926,0.007692307692307691
278000,0.200400710105896,13.8192,0.007692307692307691
280000,0.21644535660743713,13.8415,0.007692307692307691
282000,0.18983657658100128,71.4223,0.0075
284000,0.19777840375900269,14.0368,0.0075
286000,0.20760245621204376,13.9703,0.0075
288000,0.20270293951034546,14.0912,0.0075
290000,0.1958288997411728,14.0816,0.0075
292000,0.19319485127925873,15.0753,0.0075
294000,0.19701316952705383,14.6726,0.0075
296000,0.19734250009059906,69.6626,0.007317073170731708
298000,0.1824841946363449,13.7099,0.007317073170731708
300000,0.19484937191009521,14.3997,0.007317073170731708
302000,0.1859755665063858,14.2209,0.007317073170731708
304000,0.1910080760717392,13.8987,0.007317073170731708
306000,0.20596453547477722,13.9458,0.007317073170731708
308000,0.20396696031093597,15.1551,0.007317073170731708
310000,0.18138150870800018,70.2797,0.007142857142857143
312000,0.17919299006462097,13.9001,0.007142857142857143
314000,0.18354809284210205,13.9745,0.007142857142857143
316000,0.19011947512626648,13.9466,0.007142857142857143
318000,0.2006479799747467,14.22,0.007142857142857143
320000,0.1955958604812622,13.8595,0.007142857142857143
322000,0.1822202503681183,13.7608,0.007142857142857143
324000,0.17836147546768188,71.3452,0.00697674418604651
326000,0.18510612845420837,14.1136,0.00697674418604651
328000,0.17423856258392334,14.4133,0.00697674418604651
330000,0.18512581288814545,14.4554,0.00697674418604651
332000,0.18359190225601196,14.0341,0.00697674418604651
334000,0.19099578261375427,14.1195,0.00697674418604651
336000,0.19015519320964813,14.5133,0.00697674418604651
338000,0.16901616752147675,70.3407,0.006818181818181817
340000,0.16987785696983337,14.1008,0.006818181818181817
342000,0.18811829388141632,14.0952,0.006818181818181817
344000,0.17459844052791595,14.836,0.006818181818181817
346000,0.17828263342380524,14.6333,0.006818181818181817
348000,0.18364548683166504,14.0156,0.006818181818181817
350000,0.17012086510658264,13.836,0.006818181818181817
352000,0.179751455783844,69.5275,0.006666666666666666
354000,0.1699712723493576,14.64,0.006666666666666666
356000,0.16613703966140747,13.8979,0.006666666666666666
358000,0.18345488607883453,14.1696,0.006666666666666666
360000,0.1655130833387375,13.7494,0.006666666666666666
362000,0.17135480046272278,13.9809,0.006666666666666666
364000,0.16749264299869537,13.7381,0.006666666666666666
366000,0.17698359489440918,71.8736,0.006521739130434783
368000,0.16972863674163818,14.0315,0.006521739130434783
370000,0.17030084133148193,13.8874,0.006521739130434783
372000,0.16292043030261993,13.7658,0.006521739130434783
374000,0.1728869080543518,14.0023,0.006521739130434783
376000,0.16227507591247559,13.8367,0.006521739130434783
378000,0.16978564858436584,13.89,0.006521739130434783
380000,0.17026159167289734,70.2076,0.006382978723404255
382000,0.16182337701320648,13.939,0.006382978723404255
384000,0.15831497311592102,15.2488,0.006382978723404255
386000,0.15848873555660248,13.9481,0.006382978723404255
388000,0.15833042562007904,14.503,0.006382978723404255
390000,0.17719148099422455,14.2767,0.006382978723404255
392000,0.16335180401802063,14.0243,0.006382978723404255
394000,0.16426050662994385,69.3965,0.006249999999999999
396000,0.15890902280807495,13.8366,0.006249999999999999
398000,0.14796580374240875,14.7762,0.006249999999999999
400000,0.1591627448797226,14.9267,0.006249999999999999
402000,0.15458093583583832,13.5147,0.006249999999999999
404000,0.16019673645496368,14.0822,0.006249999999999999
406000,0.16984480619430542,14.1764,0.006249999999999999
408000,0.15291926264762878,70.6232,0.006122448979591836
410000,0.1566287875175476,14.0175,0.006122448979591836
412000,0.148769348859787,13.7454,0.006122448979591836
414000,0.15370796620845795,13.8741,0.006122448979591836
416000,0.16180798411369324,15.2166,0.006122448979591836
418000,0.15581347048282623,14.0983,0.006122448979591836
420000,0.15246045589447021,13.8073,0.006122448979591836
422000,0.14680355787277222,71.9652,0.006
424000,0.14702077209949493,13.9255,0.006
426000,0.15995550155639648,14.0772,0.006
428000,0.1433337777853012,13.8524,0.006
430000,0.15975788235664368,13.9086,0.006
432000,0.1662728637456894,14.8726,0.006
434000,0.1590641736984253,13.9645,0.006
436000,0.15249289572238922,69.5664,0.00588235294117647
438000,0.1352483481168747,13.7301,0.00588235294117647
440000,0.1517256647348404,13.7989,0.00588235294117647
442000,0.1542222648859024,14.9565,0.00588235294117647
444000,0.15673096477985382,14.1424,0.00588235294117647
446000,0.15516948699951172,14.0716,0.00588235294117647
448000,0.14884400367736816,14.5622,0.00588235294117647
450000,0.14290983974933624,70.431,0.005769230769230769
452000,0.14401257038116455,14.2714,0.005769230769230769
454000,0.13574033975601196,13.9017,0.005769230769230769
456000,0.1425955593585968,13.9707,0.005769230769230769
458000,0.1469247043132782,13.7182,0.005769230769230769
460000,0.14576297998428345,13.6974,0.005769230769230769
462000,0.1653962880373001,14.1258,0.005769230769230769
464000,0.14702008664608002,71.1337,0.005660377358490565
466000,0.1409868448972702,13.8764,0.005660377358490565
468000,0.1421874761581421,14.4915,0.005660377358490565
470000,0.13624614477157593,14.387,0.005660377358490565
472000,0.14099310338497162,13.9844,0.005660377358490565
474000,0.14891277253627777,13.762,0.005660377358490565
476000,0.14361847937107086,14.6739,0.005660377358490565
478000,0.14711661636829376,70.5008,0.005555555555555555
480000,0.13521131873130798,13.9777,0.005555555555555555
482000,0.1285065859556198,13.682,0.005555555555555555
484000,0.14655065536499023,14.4493,0.005555555555555555
486000,0.13576550781726837,14.6297,0.005555555555555555
488000,0.1378573477268219,13.9071,0.005555555555555555
490000,0.1500217616558075,13.7594,0.005555555555555555
492000,0.1438881754875183,70.1939,0.005454545454545454
494000,0.1393156498670578,14.8083,0.005454545454545454
496000,0.12379243969917297,14.0582,0.005454545454545454
498000,0.13812410831451416,13.7059,0.005454545454545454
500000,0.1379791647195816,13.8084,0.005454545454545454
502000,0.131857231259346,13.9695,0.005454545454545454
504000,0.1441102921962738,13.9611,0.005454545454545454
506000,0.1395694762468338,71.1312,0.005357142857142856
508000,0.13811877369880676,14.1906,0.005357142857142856
510000,0.1295715570449829,13.7849,0.005357142857142856
512000,0.13214269280433655,14.0535,0.005357142857142856
514000,0.12964162230491638,13.8126,0.005357142857142856
516000,0.13893799483776093,14.1074,0.005357142857142856
518000,0.14312675595283508,13.8283,0.005357142857142856
520000,0.13289658725261688,69.9744,0.005263157894736842
522000,0.13109897077083588,13.9339,0.005263157894736842
524000,0.1270686835050583,14.1752,0.005263157894736842
526000,0.1307797133922577,13.7844,0.005263157894736842
528000,0.12751677632331848,13.9687,0.005263157894736842
530000,0.13751083612442017,14.694,0.005263157894736842
532000,0.1336623728275299,13.8616,0.005263157894736842
534000,0.1305757611989975,69.3861,0.005172413793103447
536000,0.12419123202562332,13.8035,0.005172413793103447
538000,0.13418760895729065,14.4678,0.005172413793103447
540000,0.12279940396547318,14.9278,0.005172413793103447
542000,0.12353121489286423,14.0381,0.005172413793103447
544000,0.13667097687721252,13.8014,0.005172413793103447
546000,0.1350593864917755,13.9133,0.005172413793103447
548000,0.13408365845680237,70.4884,0.005084745762711864
550000,0.1256464570760727,14.0136,0.005084745762711864
552000,0.12978677451610565,14.0602,0.005084745762711864
554000,0.12763819098472595,13.8662,0.005084745762711864
556000,0.1253211498260498,14.7562,0.005084745762711864
558000,0.12282071262598038,13.9738,0.005084745762711864
560000,0.12907922267913818,13.7736,0.005084745762711864
562000,0.1243714913725853,70.9734,0.005
564000,0.11283377557992935,13.7509,0.005
566000,0.12078242003917694,13.8186,0.005
568000,0.1292252540588379,13.9127,0.005
570000,0.13146650791168213,14.0161,0.005
572000,0.13265378773212433,13.9114,0.005
574000,0.13094839453697205,15.0043,0.005
576000,0.12614120543003082,69.1905,0.0049180327868852455
578000,0.11734664440155029,13.7154,0.0049180327868852455
580000,0.11776946485042572,13.8017,0.0049180327868852455
582000,0.12276443839073181,14.2993,0.0049180327868852455
584000,0.12279239296913147,14.7064,0.0049180327868852455
586000,0.11727765202522278,13.9985,0.0049180327868852455
588000,0.12861120700836182,14.1397,0.0049180327868852455
590000,0.11703898012638092,70.3808,0.004838709677419354
592000,0.11745487153530121,14.9787,0.004838709677419354
594000,0.11571129411458969,13.9667,0.004838709677419354
596000,0.11649835854768753,13.8888,0.004838709677419354
598000,0.1230185478925705,13.8385,0.004838709677419354
600000,0.1298171579837799,13.874,0.004838709677419354
602000,0.12059386074542999,14.0682,0.004838709677419354
604000,0.12167463451623917,71.8466,0.0047619047619047615
606000,0.11987583339214325,14.1372,0.0047619047619047615
608000,0.11066322773694992,15.4827,0.0047619047619047615
610000,0.1176314502954483,14.2374,0.0047619047619047615
612000,0.126962810754776,14.5598,0.0047619047619047615
614000,0.1146741732954979,14.1565,0.0047619047619047615
616000,0.11781018227338791,14.2117,0.0047619047619047615
618000,0.12207607924938202,70.6498,0.0046875
620000,0.10340753942728043,14.301,0.0046875
622000,0.11062059551477432,14.3306,0.0046875
624000,0.11800660192966461,14.3198,0.0046875
626000,0.11557909101247787,14.8341,0.0046875
628000,0.11396965384483337,14.671,0.0046875
630000,0.11394105851650238,14.5508,0.0046875
632000,0.12117011845111847,70.7686,0.004615384615384615
634000,0.11152231693267822,14.1874,0.004615384615384615
636000,0.11443568021059036,14.9809,0.004615384615384615
638000,0.1106191948056221,14.1836,0.004615384615384615
640000,0.11918899416923523,14.67,0.004615384615384615
642000,0.11279992759227753,16.3081,0.004615384615384615
644000,0.1208617314696312,14.1148,0.004615384615384615
646000,0.11977648735046387,70.6725,0.004545454545454545
648000,0.10361245274543762,14.5039,0.004545454545454545
650000,0.11085114628076553,14.2554,0.004545454545454545
652000,0.11484668403863907,14.4117,0.004545454545454545
654000,0.11370181292295456,14.3827,0.004545454545454545
656000,0.11665380746126175,15.2036,0.004545454545454545
658000,0.10748201608657837,14.2313,0.004545454545454545
660000,0.10926329344511032,70.3896,0.004477611940298507
662000,0.10783243179321289,14.2197,0.004477611940298507
664000,0.10603369027376175,15.2742,0.004477611940298507
666000,0.10918958485126495,14.478,0.004477611940298507
668000,0.11768422275781631,14.614,0.004477611940298507
670000,0.11764561384916306,14.8901,0.004477611940298507
672000,0.11379609256982803,14.1877,0.004477611940298507
674000,0.11215302348136902,69.1231,0.004411764705882353
676000,0.10200916230678558,14.2502,0.004411764705882353
678000,0.10597924143075943,15.3966,0.004411764705882353
680000,0.10692832618951797,13.9691,0.004411764705882353
682000,0.10641501843929291,14.3341,0.004411764705882353
684000,0.1139422357082367,14.6494,0.004411764705882353
686000,0.10574079304933548,14.2051,0.004411764705882353
688000,0.10713870078325272,14.1882,0.004411764705882353
690000,0.11359982937574387,70.2138,0.004347826086956521
692000,0.10026155412197113,14.5655,0.004347826086956521
694000,0.11087960749864578,14.9024,0.004347826086956521
696000,0.11061301827430725,14.3467,0.004347826086956521
698000,0.10297314077615738,14.1521,0.004347826086956521
700000,0.10129685699939728,14.4166,0.004347826086956521
702000,0.11109963059425354,14.3335,0.004347826086956521
704000,0.0956820622086525,71.2,0.004285714285714286
706000,0.10007524490356445,14.4725,0.004285714285714286
708000,0.10747210681438446,14.3314,0.004285714285714286
710000,0.10742868483066559,14.2551,0.004285714285714286
712000,0.0965939611196518,14.7447,0.004285714285714286
714000,0.11433473229408264,14.6206,0.004285714285714286
716000,0.10595688968896866,14.339,0.004285714285714286
718000,0.10016082227230072,69.3687,0.004225352112676056
720000,0.0973835289478302,14.2646,0.004225352112676056
722000,0.10911013185977936,15.401,0.004225352112676056
724000,0.10242018103599548,14.3461,0.004225352112676056
726000,0.10787440836429596,15.0176,0.004225352112676056
728000,0.10389664769172668,14.8665,0.004225352112676056
730000,0.10063309967517853,14.2746,0.004225352112676056
732000,0.10136309266090393,70.3968,0.004166666666666667
734000,0.10379798710346222,14.3608,0.004166666666666667
736000,0.10520534217357635,14.1654,0.004166666666666667
738000,0.10546234995126724,14.3511,0.004166666666666667
740000,0.10019658505916595,14.3773,0.004166666666666667
742000,0.10126662999391556,14.283,0.004166666666666667
744000,0.10986190289258957,14.1737,0.004166666666666667
746000,0.0893901139497757,70.7927,0.00410958904109589
748000,0.10572616010904312,13.9288,0.00410958904109589
750000,0.09385689347982407,13.8009,0.00410958904109589
752000,0.10688699781894684,13.8223,0.00410958904109589
754000,0.09516046941280365,14.1037,0.00410958904109589
756000,0.09917867183685303,15.0344,0.00410958904109589
758000,0.09839483350515366,13.9975,0.00410958904109589
760000,0.09386035799980164,70.3143,0.004054054054054053
762000,0.09433798491954803,13.8555,0.004054054054054053
764000,0.09792475402355194,14.3557,0.004054054054054053
766000,0.10121747851371765,14.5261,0.004054054054054053
768000,0.09799138456583023,13.7437,0.004054054054054053
770000,0.11048289388418198,14.0975,0.004054054054054053
772000,0.10264633595943451,13.8806,0.004054054054054053
774000,0.10054241120815277,71.266,0.004
776000,0.09914129227399826,13.9007,0.004
778000,0.09484913945198059,13.7476,0.004
780000,0.09909901022911072,13.9886,0.004
782000,0.10184862464666367,13.9369,0.004
784000,0.09124977886676788,13.7468,0.004
786000,0.10820800065994263,13.9241,0.004
788000,0.09722501784563065,72.0224,0.003947368421052631
790000,0.09141433984041214,13.8906,0.003947368421052631
792000,0.09357856214046478,14.1042,0.003947368421052631
794000,0.09520239382982254,15.1455,0.003947368421052631
796000,0.10182715207338333,13.9167,0.003947368421052631
798000,0.10949878394603729,14.0374,0.003947368421052631
800000,0.09347641468048096,14.653,0.003947368421052631
802000,0.08661342412233353,69.702,0.0038961038961038952
804000,0.09056830406188965,13.8137,0.0038961038961038952
806000,0.09374286979436874,13.9855,0.0038961038961038952
808000,0.09360574185848236,14.6873,0.0038961038961038952
810000,0.09480585902929306,14.4073,0.0038961038961038952
812000,0.09773941338062286,13.8844,0.0038961038961038952
814000,0.09820092469453812,13.8666,0.0038961038961038952
816000,0.09809595346450806,69.4265,0.003846153846153846
818000,0.09954030811786652,15.732,0.003846153846153846
820000,0.09477782994508743,14.1613,0.003846153846153846
822000,0.09908599406480789,13.6865,0.003846153846153846
824000,0.08968105167150497,13.7768,0.003846153846153846
826000,0.08997783064842224,13.7703,0.003846153846153846
828000,0.09447652846574783,13.9061,0.003846153846153846
830000,0.09820548444986343,70.2321,0.0037974683544303796
832000,0.0829063430428505,13.613,0.0037974683544303796
834000,0.09006079286336899,13.6634,0.0037974683544303796
836000,0.09174571931362152,13.8092,0.0037974683544303796
838000,0.09516316652297974,14.0234,0.0037974683544303796
840000,0.09024710208177567,14.0283,0.0037974683544303796
842000,0.10366092622280121,14.0128,0.0037974683544303796
844000,0.07849974930286407,70.1265,0.00375
846000,0.0968305841088295,13.9183,0.00375
848000,0.10143478959798813,13.9154,0.00375
850000,0.09036477655172348,14.552,0.00375
852000,0.09295407682657242,14.3037,0.00375
854000,0.09627918899059296,14.7562,0.00375
856000,0.08900987356901169,14.0314,0.00375
858000,0.08783967047929764,69.259,0.003703703703703703
860000,0.09213098883628845,13.9346,0.003703703703703703
862000,0.09208418428897858,15.0982,0.003703703703703703
864000,0.08777093142271042,14.0541,0.003703703703703703
866000,0.0834418386220932,14.1405,0.003703703703703703
868000,0.09089414030313492,13.8663,0.003703703703703703
870000,0.08996427059173584,13.9349,0.003703703703703703
872000,0.09332514554262161,70.1096,0.003658536585365853
874000,0.08946874737739563,13.9823,0.003658536585365853
876000,0.09342638403177261,13.8242,0.003658536585365853
878000,0.09247367084026337,13.8885,0.003658536585365853
880000,0.08978509902954102,15.1461,0.003658536585365853
882000,0.08495529741048813,13.9179,0.003658536585365853
884000,0.09777083247900009,13.8553,0.003658536585365853
886000,0.08093509078025818,70.9635,0.003614457831325301
888000,0.08395802229642868,13.9822,0.003614457831325301
890000,0.08181449770927429,13.8505,0.003614457831325301
892000,0.08724232017993927,13.7,0.003614457831325301
894000,0.09647242724895477,13.9034,0.003614457831325301
896000,0.08912017941474915,13.8161,0.003614457831325301
898000,0.098309226334095,14.9063,0.003614457831325301
900000,0.09215843677520752,69.9672,0.0035714285714285713
902000,0.08739297837018967,13.9782,0.0035714285714285713
904000,0.09124834090471268,13.8725,0.0035714285714285713
906000,0.08423619717359543,14.7758,0.0035714285714285713
908000,0.08090763539075851,13.8557,0.0035714285714285713
910000,0.07776264101266861,13.8309,0.0035714285714285713
912000,0.09562251716852188,13.9488,0.0035714285714285713
914000,0.08173827826976776,70.4669,0.003529411764705882
916000,0.08176540583372116,15.0537,0.003529411764705882
918000,0.07616236805915833,13.707,0.003529411764705882
920000,0.09015542268753052,13.8026,0.003529411764705882
922000,0.09093935042619705,13.8303,0.003529411764705882
924000,0.08378799259662628,13.7569,0.003529411764705882
926000,0.08731960505247116,14.099,0.003529411764705882
928000,0.09121938794851303,71.4464,0.003488372093023255
930000,0.07641450315713882,13.73,0.003488372093023255
932000,0.08525059372186661,13.8555,0.003488372093023255
934000,0.08058732748031616,14.0315,0.003488372093023255
936000,0.0961029902100563,14.6137,0.003488372093023255
938000,0.09435419738292694,13.9718,0.003488372093023255
940000,0.08488631993532181,13.8864,0.003488372093023255
942000,0.08025609701871872,71.3589,0.003448275862068965
944000,0.08534257113933563,13.7109,0.003448275862068965
946000,0.08254873007535934,13.7504,0.003448275862068965
948000,0.0838787853717804,13.7594,0.003448275862068965
950000,0.07508264482021332,14.7244,0.003448275862068965
952000,0.08844346553087234,14.453,0.003448275862068965
954000,0.09039203077554703,14.0854,0.003448275862068965
956000,0.08464264124631882,68.9748,0.0034090909090909085
958000,0.07968327403068542,14.493,0.0034090909090909085
960000,0.08389736711978912,15.1839,0.0034090909090909085
962000,0.08510082215070724,14.0498,0.0034090909090909085
964000,0.08697056025266647,13.8781,0.0034090909090909085
966000,0.07729075103998184,13.7311,0.0034090909090909085
968000,0.08631109446287155,14.0004,0.0034090909090909085
