count,loss,time,lr
2000,0.7165411710739136,16.0719,0.015
4000,0.7072829604148865,13.9982,0.015
6000,0.7219092845916748,13.8441,0.015
8000,0.722093939781189,14.0193,0.015
10000,0.7185360193252563,13.9298,0.015
12000,0.7108740210533142,14.3904,0.015
14000,0.7533422708511353,14.4207,0.015
16000,0.642777681350708,69.8728,0.014285714285714285
18000,0.6324425935745239,13.836,0.014285714285714285
20000,0.6833140850067139,13.9063,0.014285714285714285
22000,0.6574825048446655,14.5813,0.014285714285714285
24000,0.6703616380691528,14.2571,0.014285714285714285
26000,0.6254090666770935,13.65,0.014285714285714285
28000,0.6809309720993042,14.0575,0.014285714285714285
30000,0.6236581206321716,69.7486,0.013636363636363634
32000,0.5760691165924072,13.9873,0.013636363636363634
34000,0.590635359287262,13.7124,0.013636363636363634
36000,0.6033332347869873,13.4978,0.013636363636363634
38000,0.5880318880081177,14.4139,0.013636363636363634
40000,0.5771278142929077,14.7001,0.013636363636363634
42000,0.6026912927627563,13.9767,0.013636363636363634
44000,0.5727826952934265,68.3435,0.013043478260869566
46000,0.5362109541893005,13.8035,0.013043478260869566
48000,0.5474081039428711,14.4437,0.013043478260869566
50000,0.5515379905700684,13.9961,0.013043478260869566
52000,0.5357162356376648,13.9353,0.013043478260869566
54000,0.5623692274093628,13.8369,0.013043478260869566
56000,0.5456568002700806,13.7336,0.013043478260869566
58000,0.48974719643592834,71.5579,0.0125
60000,0.5149937272071838,14.0532,0.0125
62000,0.5051407217979431,14.9029,0.0125
64000,0.5365197658538818,13.8827,0.0125
66000,0.5216425061225891,13.8736,0.0125
68000,0.4788837432861328,13.8611,0.0125
70000,0.5209832787513733,14.1232,0.0125
72000,0.47329503297805786,71.6151,0.012
74000,0.4918714165687561,14.2482,0.012
76000,0.4800187051296234,13.9396,0.012
78000,0.46843603253364563,13.9712,0.012
80000,0.4653036892414093,14.1806,0.012
82000,0.4849357604980469,14.6895,0.012
84000,0.4713364839553833,14.1543,0.012
86000,0.41176852583885193,70.9845,0.011538461538461537
88000,0.4489714205265045,14.2726,0.011538461538461537
90000,0.43597716093063354,14.2073,0.011538461538461537
92000,0.4320366084575653,14.4451,0.011538461538461537
94000,0.4683740437030792,14.3603,0.011538461538461537
96000,0.4384804368019104,13.9535,0.011538461538461537
98000,0.4594997763633728,14.0002,0.011538461538461537
100000,0.41465115547180176,71.189,0.01111111111111111
102000,0.41652488708496094,14.3306,0.01111111111111111
104000,0.408061146736145,14.6353,0.01111111111111111
106000,0.41904592514038086,14.1594,0.01111111111111111
108000,0.42855891585350037,14.139,0.01111111111111111
110000,0.40930911898612976,13.6202,0.01111111111111111
112000,0.43388113379478455,14.1337,0.01111111111111111
114000,0.4216272532939911,71.6842,0.010714285714285714
116000,0.40326836705207825,14.1393,0.010714285714285714
118000,0.36481210589408875,14.4683,0.010714285714285714
120000,0.3964086174964905,14.4482,0.010714285714285714
122000,0.38780251145362854,13.8233,0.010714285714285714
124000,0.3971872627735138,14.0139,0.010714285714285714
126000,0.40031343698501587,14.2761,0.010714285714285714
128000,0.35110902786254883,71.4399,0.010344827586206895
130000,0.37682804465293884,14.2149,0.010344827586206895
132000,0.3778614103794098,14.1875,0.010344827586206895
134000,0.3589877784252167,14.2733,0.010344827586206895
136000,0.37329137325286865,14.2655,0.010344827586206895
138000,0.3941996395587921,14.6996,0.010344827586206895
140000,0.37086763978004456,14.6387,0.010344827586206895
142000,0.3623165488243103,72.7139,0.01
144000,0.35018783807754517,14.3906,0.01
146000,0.3521086573600769,13.84,0.01
148000,0.36179766058921814,13.8529,0.01
150000,0.36944928765296936,13.881,0.01
152000,0.35221388936042786,14.2611,0.01
154000,0.3423116207122803,13.7868,0.01
156000,0.3550093472003937,70.8664,0.009677419354838708
158000,0.323151171207428,14.952,0.009677419354838708
160000,0.34237968921661377,14.6678,0.009677419354838708
162000,0.3352603614330292,14.8835,0.009677419354838708
164000,0.3518976867198944,14.4184,0.009677419354838708
166000,0.3359625041484833,14.2416,0.009677419354838708
168000,0.34271591901779175,14.1503,0.009677419354838708
170000,0.32674938440322876,71.211,0.009375
172000,0.3240434229373932,14.8835,0.009375
174000,0.32401445508003235,14.3122,0.009375
176000,0.3270138204097748,14.3792,0.009375
178000,0.3143554925918579,14.7664,0.009375
180000,0.32972103357315063,14.2026,0.009375
182000,0.32707634568214417,14.1126,0.009375
184000,0.3005426228046417,70.9082,0.00909090909090909
186000,0.31100860238075256,14.5073,0.00909090909090909
188000,0.30375853180885315,14.363,0.00909090909090909
190000,0.30513566732406616,13.9191,0.00909090909090909
192000,0.3171665668487549,14.4264,0.00909090909090909
194000,0.31941917538642883,14.1095,0.00909090909090909
196000,0.3246448040008545,14.0074,0.00909090909090909
198000,0.29391050338745117,70.0317,0.008823529411764704
200000,0.27870845794677734,13.8798,0.008823529411764704
202000,0.3043762445449829,14.0437,0.008823529411764704
204000,0.28542062640190125,13.9179,0.008823529411764704
206000,0.3199368119239807,14.0445,0.008823529411764704
208000,0.30360016226768494,13.9865,0.008823529411764704
210000,0.31344881653785706,14.3231,0.008823529411764704
212000,0.2941245138645172,70.8791,0.008571428571428572
214000,0.2832603454589844,15.5681,0.008571428571428572
216000,0.2778738737106323,15.4131,0.008571428571428572
218000,0.2705012261867523,15.3343,0.008571428571428572
220000,0.2807895839214325,16.187,0.008571428571428572
222000,0.301798015832901,15.7471,0.008571428571428572
224000,0.28528323769569397,15.4649,0.008571428571428572
226000,0.2753676474094391,70.3121,0.008333333333333333
228000,0.26408711075782776,15.6514,0.008333333333333333
230000,0.2822127342224121,15.7969,0.008333333333333333
232000,0.2733420431613922,15.6041,0.008333333333333333
234000,0.2730228006839752,15.629,0.008333333333333333
236000,0.2739774286746979,15.3585,0.008333333333333333
238000,0.29115357995033264,15.8284,0.008333333333333333
240000,0.2548885941505432,71.2913,0.008108108108108107
242000,0.2712628245353699,15.4645,0.008108108108108107
244000,0.25747188925743103,15.4018,0.008108108108108107
246000,0.2667350172996521,15.549,0.008108108108108107
248000,0.2582736313343048,15.3307,0.008108108108108107
250000,0.263747900724411,15.1969,0.008108108108108107
252000,0.2673812806606293,15.8693,0.008108108108108107
254000,0.2504376769065857,70.8215,0.007894736842105262
256000,0.24286486208438873,15.3446,0.007894736842105262
258000,0.23544779419898987,15.2869,0.007894736842105262
260000,0.25640466809272766,15.5349,0.007894736842105262
262000,0.23544298112392426,15.533,0.007894736842105262
264000,0.2640638053417206,15.0642,0.007894736842105262
266000,0.2603435218334198,14.5005,0.007894736842105262
268000,0.24195018410682678,68.0715,0.007692307692307691
270000,0.2346082329750061,14.3552,0.007692307692307691
272000,0.26031294465065,13.5406,0.007692307692307691
274000,0.2349661886692047,13.5505,0.007692307692307691
276000,0.23571226000785828,14.5966,0.007692307692307691
278000,0.23188848793506622,13.6373,0.007692307692307691
280000,0.2579273283481598,13.5489,0.007692307692307691
282000,0.22823204100131989,67.8647,0.0075
284000,0.2418716996908188,13.6792,0.0075
286000,0.25475576519966125,13.8937,0.0075
288000,0.2261684536933899,14.3302,0.0075
290000,0.238703191280365,13.7078,0.0075
292000,0.2271869033575058,13.6103,0.0075
294000,0.23106421530246735,13.2953,0.0075
296000,0.236488476395607,68.0908,0.007317073170731708
298000,0.22035197913646698,14.3096,0.007317073170731708
300000,0.22501502931118011,13.6533,0.007317073170731708
302000,0.2251971811056137,13.4134,0.007317073170731708
304000,0.21698740124702454,13.4304,0.007317073170731708
306000,0.23777547478675842,14.1132,0.007317073170731708
308000,0.24848707020282745,14.55,0.007317073170731708
310000,0.2190433293581009,67.2718,0.007142857142857143
312000,0.21478277444839478,13.4111,0.007142857142857143
314000,0.21026939153671265,13.4693,0.007142857142857143
316000,0.21600519120693207,14.0388,0.007142857142857143
318000,0.23138828575611115,14.6832,0.007142857142857143
320000,0.22972819209098816,13.4715,0.007142857142857143
322000,0.22044309973716736,13.2813,0.007142857142857143
324000,0.20351308584213257,67.1665,0.00697674418604651
326000,0.22092808783054352,14.1534,0.00697674418604651
328000,0.2054913192987442,13.5147,0.00697674418604651
330000,0.21585620939731598,14.1682,0.00697674418604651
332000,0.2242896556854248,13.6187,0.00697674418604651
334000,0.2331298291683197,13.5367,0.00697674418604651
336000,0.22056305408477783,13.4634,0.00697674418604651
338000,0.20759132504463196,68.6591,0.006818181818181817
340000,0.20475761592388153,13.6757,0.006818181818181817
342000,0.21929098665714264,13.6104,0.006818181818181817
344000,0.20626585185527802,13.4174,0.006818181818181817
346000,0.20138835906982422,13.3195,0.006818181818181817
348000,0.21312665939331055,13.4001,0.006818181818181817
350000,0.2080863118171692,13.5991,0.006818181818181817
352000,0.21951337158679962,70.4708,0.006666666666666666
354000,0.20260772109031677,14.0213,0.006666666666666666
356000,0.1961534321308136,13.9963,0.006666666666666666
358000,0.20825763046741486,14.2273,0.006666666666666666
360000,0.2015680968761444,13.7514,0.006666666666666666
362000,0.20711708068847656,14.135,0.006666666666666666
364000,0.20061737298965454,13.6901,0.006666666666666666
366000,0.20553068816661835,70.0402,0.006521739130434783
368000,0.18724209070205688,14.0231,0.006521739130434783
370000,0.19605328142642975,14.1623,0.006521739130434783
372000,0.1903059035539627,14.09,0.006521739130434783
374000,0.19939090311527252,14.0091,0.006521739130434783
376000,0.19848766922950745,14.06,0.006521739130434783
378000,0.19830043613910675,13.3864,0.006521739130434783
380000,0.19850021600723267,67.0667,0.006382978723404255
382000,0.1853737086057663,14.3218,0.006382978723404255
384000,0.1784130483865738,13.5816,0.006382978723404255
386000,0.1936861276626587,13.4174,0.006382978723404255
388000,0.1903274953365326,13.1622,0.006382978723404255
390000,0.2049977034330368,13.5123,0.006382978723404255
392000,0.18941713869571686,13.3137,0.006382978723404255
394000,0.18800783157348633,68.4106,0.006249999999999999
396000,0.19141876697540283,13.1809,0.006249999999999999
398000,0.18115302920341492,13.1334,0.006249999999999999
400000,0.18254585564136505,13.4401,0.006249999999999999
402000,0.1708398461341858,13.1141,0.006249999999999999
404000,0.2001732885837555,13.6037,0.006249999999999999
406000,0.19408856332302094,13.4629,0.006249999999999999
408000,0.17558671534061432,68.6874,0.006122448979591836
410000,0.19031432271003723,13.4845,0.006122448979591836
412000,0.17830730974674225,13.2184,0.006122448979591836
414000,0.18553443253040314,13.2754,0.006122448979591836
416000,0.18540701270103455,13.2642,0.006122448979591836
418000,0.1831441968679428,14.1464,0.006122448979591836
420000,0.17606163024902344,13.3154,0.006122448979591836
422000,0.17242157459259033,67.9162,0.006
424000,0.17751921713352203,13.8812,0.006
426000,0.18546617031097412,14.3409,0.006
428000,0.16494783759117126,13.7919,0.006
430000,0.16494856774806976,13.4329,0.006
432000,0.1870628148317337,13.4029,0.006
434000,0.1752295345067978,13.7661,0.006
436000,0.17824754118919373,66.7536,0.00588235294117647
438000,0.14902560412883759,13.6417,0.00588235294117647
440000,0.1708807349205017,13.2797,0.00588235294117647
442000,0.178122878074646,14.0526,0.00588235294117647
444000,0.17284975945949554,14.4932,0.00588235294117647
446000,0.18220946192741394,13.9975,0.00588235294117647
448000,0.16176585853099823,13.7139,0.00588235294117647
450000,0.1692246049642563,69.9797,0.005769230769230769
452000,0.16660499572753906,13.9844,0.005769230769230769
454000,0.15401434898376465,13.7826,0.005769230769230769
456000,0.1743328720331192,14.4223,0.005769230769230769
458000,0.1725272536277771,13.661,0.005769230769230769
460000,0.16040585935115814,13.6372,0.005769230769230769
462000,0.17353808879852295,13.9163,0.005769230769230769
464000,0.16967639327049255,70.0391,0.005660377358490565
466000,0.15719088912010193,13.7685,0.005660377358490565
468000,0.15725159645080566,13.9333,0.005660377358490565
470000,0.15372663736343384,14.212,0.005660377358490565
472000,0.1618029922246933,14.5523,0.005660377358490565
474000,0.15670986473560333,14.3083,0.005660377358490565
476000,0.16389699280261993,14.2161,0.005660377358490565
478000,0.17504701018333435,69.6478,0.005555555555555555
480000,0.16036170721054077,14.0177,0.005555555555555555
482000,0.14654983580112457,13.9858,0.005555555555555555
484000,0.16678118705749512,14.3924,0.005555555555555555
486000,0.15350006520748138,14.1666,0.005555555555555555
488000,0.14822080731391907,14.0157,0.005555555555555555
490000,0.16707153618335724,13.9671,0.005555555555555555
492000,0.16467982530593872,69.9986,0.005454545454545454
494000,0.16254514455795288,14.0929,0.005454545454545454
496000,0.14722660183906555,14.3698,0.005454545454545454
498000,0.15057043731212616,13.8673,0.005454545454545454
500000,0.1559024453163147,13.7708,0.005454545454545454
502000,0.15873196721076965,14.1634,0.005454545454545454
504000,0.16784219443798065,14.1038,0.005454545454545454
506000,0.1602635234594345,70.5868,0.005357142857142856
508000,0.15056222677230835,13.8821,0.005357142857142856
510000,0.1370960772037506,13.8298,0.005357142857142856
512000,0.15561658143997192,14.0954,0.005357142857142856
514000,0.14569376409053802,14.0655,0.005357142857142856
516000,0.16089880466461182,14.5052,0.005357142857142856
518000,0.15254482626914978,14.4088,0.005357142857142856
520000,0.1481611430644989,70.7497,0.005263157894736842
522000,0.14082789421081543,14.1669,0.005263157894736842
524000,0.14364030957221985,14.3149,0.005263157894736842
526000,0.14203964173793793,14.5728,0.005263157894736842
528000,0.15694671869277954,14.3234,0.005263157894736842
530000,0.14948931336402893,14.4779,0.005263157894736842
532000,0.14576148986816406,14.1091,0.005263157894736842
534000,0.14013205468654633,70.5022,0.005172413793103447
536000,0.13167670369148254,13.9907,0.005172413793103447
538000,0.14790041744709015,14.3286,0.005172413793103447
540000,0.14019903540611267,14.4999,0.005172413793103447
542000,0.1433335840702057,14.2819,0.005172413793103447
544000,0.15163809061050415,14.017,0.005172413793103447
546000,0.15192842483520508,14.1553,0.005172413793103447
548000,0.1471521258354187,70.9382,0.005084745762711864
550000,0.13933002948760986,14.6445,0.005084745762711864
552000,0.14833298325538635,14.3042,0.005084745762711864
554000,0.1413635015487671,14.1154,0.005084745762711864
556000,0.13277964293956757,14.1211,0.005084745762711864
558000,0.13555121421813965,13.924,0.005084745762711864
560000,0.14420312643051147,14.332,0.005084745762711864
562000,0.1417650431394577,70.4943,0.005
564000,0.12147337943315506,14.0366,0.005
566000,0.133535236120224,13.9887,0.005
568000,0.14441819489002228,13.9557,0.005
570000,0.15266300737857819,14.2631,0.005
572000,0.1359117329120636,14.0606,0.005
574000,0.15039101243019104,14.1504,0.005
576000,0.13792607188224792,70.2224,0.0049180327868852455
578000,0.12985876202583313,14.1259,0.0049180327868852455
580000,0.13309836387634277,14.0118,0.0049180327868852455
582000,0.13765890896320343,14.2539,0.0049180327868852455
584000,0.1412218064069748,14.1879,0.0049180327868852455
586000,0.14878500998020172,14.2272,0.0049180327868852455
588000,0.13531947135925293,14.1854,0.0049180327868852455
590000,0.13111512362957,71.1075,0.004838709677419354
592000,0.1278512179851532,14.0243,0.004838709677419354
594000,0.1257290244102478,14.253,0.004838709677419354
596000,0.1274239867925644,14.0985,0.004838709677419354
598000,0.13775122165679932,14.3486,0.004838709677419354
600000,0.1403324455022812,14.3108,0.004838709677419354
602000,0.1327035129070282,13.9475,0.004838709677419354
604000,0.13938666880130768,71.1876,0.0047619047619047615
606000,0.12638062238693237,14.0246,0.0047619047619047615
608000,0.13276571035385132,14.4032,0.0047619047619047615
610000,0.12273599207401276,14.1925,0.0047619047619047615
612000,0.13103899359703064,14.6018,0.0047619047619047615
614000,0.12790092825889587,14.6217,0.0047619047619047615
616000,0.13272492587566376,14.2714,0.0047619047619047615
618000,0.14002875983715057,70.7207,0.0046875
620000,0.11514381319284439,13.9987,0.0046875
622000,0.12836642563343048,14.4316,0.0046875
624000,0.12931449711322784,14.2227,0.0046875
626000,0.135072723031044,14.1941,0.0046875
628000,0.12640084326267242,14.2222,0.0046875
630000,0.13376817107200623,14.6246,0.0046875
632000,0.1342390477657318,71.8892,0.004615384615384615
634000,0.11600266396999359,14.334,0.004615384615384615
636000,0.11969976127147675,14.2981,0.004615384615384615
638000,0.1282934993505478,14.2458,0.004615384615384615
640000,0.1350833773612976,14.4844,0.004615384615384615
642000,0.12682445347309113,14.6135,0.004615384615384615
644000,0.12893234193325043,14.15,0.004615384615384615
646000,0.1381293386220932,71.4593,0.004545454545454545
648000,0.11903383582830429,14.3731,0.004545454545454545
650000,0.1230555847287178,14.4281,0.004545454545454545
652000,0.12382496148347855,14.2396,0.004545454545454545
654000,0.1342565417289734,14.2722,0.004545454545454545
656000,0.11818838864564896,14.2367,0.004545454545454545
658000,0.11667733639478683,14.4275,0.004545454545454545
660000,0.12646137177944183,70.4467,0.004477611940298507
662000,0.11434473097324371,14.1789,0.004477611940298507
664000,0.11004924029111862,14.2917,0.004477611940298507
666000,0.1168699786067009,14.909,0.004477611940298507
668000,0.1298062652349472,14.7065,0.004477611940298507
670000,0.1325361430644989,14.4687,0.004477611940298507
672000,0.11856228113174438,14.3023,0.004477611940298507
674000,0.12138821929693222,71.1012,0.004411764705882353
676000,0.1178850531578064,14.15,0.004411764705882353
678000,0.12042763084173203,14.4682,0.004411764705882353
680000,0.11701654642820358,14.0594,0.004411764705882353
682000,0.12022562325000763,14.1246,0.004411764705882353
684000,0.12164481729269028,14.5537,0.004411764705882353
686000,0.12090037763118744,14.1785,0.004411764705882353
688000,0.11929255723953247,14.0326,0.004411764705882353
690000,0.12049491703510284,71.5865,0.004347826086956521
692000,0.1060870960354805,13.9228,0.004347826086956521
694000,0.13371948897838593,14.0769,0.004347826086956521
696000,0.1158713772892952,14.032,0.004347826086956521
698000,0.11612647026777267,13.9773,0.004347826086956521
700000,0.11242534965276718,14.5035,0.004347826086956521
702000,0.112047478556633,14.3679,0.004347826086956521
704000,0.10398953408002853,69.7643,0.004285714285714286
706000,0.11305498331785202,14.2831,0.004285714285714286
708000,0.11450449377298355,14.3251,0.004285714285714286
710000,0.117635078728199,14.2159,0.004285714285714286
712000,0.11206065863370895,13.9447,0.004285714285714286
714000,0.1263027787208557,14.3602,0.004285714285714286
716000,0.11158668994903564,14.2914,0.004285714285714286
718000,0.11283647269010544,69.8757,0.004225352112676056
720000,0.10656022280454636,14.0986,0.004225352112676056
722000,0.11652276664972305,14.4455,0.004225352112676056
724000,0.11325684934854507,14.1636,0.004225352112676056
726000,0.11943696439266205,14.6422,0.004225352112676056
728000,0.109523706138134,14.1945,0.004225352112676056
730000,0.10080412775278091,13.9495,0.004225352112676056
732000,0.11843552440404892,70.6642,0.004166666666666667
734000,0.10779828578233719,14.1865,0.004166666666666667
736000,0.11478904634714127,14.1893,0.004166666666666667
738000,0.11173153668642044,14.3641,0.004166666666666667
740000,0.11530616134405136,14.147,0.004166666666666667
742000,0.10847588628530502,14.113,0.004166666666666667
744000,0.1245747059583664,14.5057,0.004166666666666667
746000,0.10355134308338165,70.3176,0.00410958904109589
748000,0.10996384918689728,14.044,0.00410958904109589
750000,0.10612538456916809,14.0058,0.00410958904109589
752000,0.11755480617284775,14.3368,0.00410958904109589
754000,0.10726050287485123,14.9139,0.00410958904109589
756000,0.11453189700841904,14.1431,0.00410958904109589
758000,0.10914169251918793,14.153,0.00410958904109589
760000,0.10162047296762466,70.3181,0.004054054054054053
762000,0.1060650572180748,14.1886,0.004054054054054053
764000,0.10708137601613998,14.0726,0.004054054054054053
766000,0.10476935654878616,14.0171,0.004054054054054053
768000,0.10792989283800125,14.0511,0.004054054054054053
770000,0.1186266764998436,14.4665,0.004054054054054053
772000,0.09994924068450928,14.133,0.004054054054054053
774000,0.11071053147315979,72.0691,0.004
776000,0.10970710963010788,14.1277,0.004
778000,0.10619465261697769,13.9783,0.004
780000,0.1025850921869278,14.2047,0.004
782000,0.10741735249757767,14.1168,0.004
784000,0.09329152852296829,13.8275,0.004
786000,0.11098174005746841,14.2832,0.004
788000,0.10481955856084824,71.32,0.003947368421052631
790000,0.09939894825220108,14.1568,0.003947368421052631
792000,0.10709099471569061,14.8155,0.003947368421052631
794000,0.0994747206568718,14.1287,0.003947368421052631
796000,0.10976896435022354,14.6087,0.003947368421052631
798000,0.1119736060500145,14.3331,0.003947368421052631
800000,0.1016148254275322,13.8921,0.003947368421052631
802000,0.09134352952241898,70.8675,0.0038961038961038952
804000,0.10533899068832397,14.2567,0.0038961038961038952
806000,0.10832531005144119,14.9701,0.0038961038961038952
808000,0.10700120031833649,14.5393,0.0038961038961038952
810000,0.10084269195795059,14.3966,0.0038961038961038952
812000,0.10449901223182678,14.3967,0.0038961038961038952
814000,0.10676801949739456,14.1984,0.0038961038961038952
816000,0.10349198430776596,71.1567,0.003846153846153846
818000,0.10550857335329056,14.6493,0.003846153846153846
820000,0.10240654647350311,14.5704,0.003846153846153846
822000,0.10435858368873596,14.276,0.003846153846153846
824000,0.0978122428059578,14.2729,0.003846153846153846
826000,0.09423251450061798,14.3589,0.003846153846153846
828000,0.09798773378133774,14.3523,0.003846153846153846
830000,0.1007395088672638,71.9605,0.0037974683544303796
832000,0.09009360522031784,14.0055,0.0037974683544303796
834000,0.09563454240560532,14.2754,0.0037974683544303796
836000,0.10234363377094269,14.3165,0.0037974683544303796
838000,0.09706170111894608,14.6627,0.0037974683544303796
840000,0.10411695390939713,14.7378,0.0037974683544303796
842000,0.10821361839771271,14.646,0.0037974683544303796
844000,0.08978845179080963,70.2444,0.00375
846000,0.09789324551820755,14.3226,0.00375
848000,0.09629806876182556,14.3554,0.00375
850000,0.10318095237016678,14.0306,0.00375
852000,0.09197963029146194,14.4169,0.00375
854000,0.10301296412944794,14.4065,0.00375
856000,0.09963572770357132,14.2886,0.00375
858000,0.09426938742399216,71.4211,0.003703703703703703
860000,0.09934645891189575,14.5441,0.003703703703703703
862000,0.09788969159126282,14.7882,0.003703703703703703
864000,0.09434691071510315,14.5835,0.003703703703703703
866000,0.09289401769638062,14.2197,0.003703703703703703
868000,0.10296474397182465,14.1986,0.003703703703703703
870000,0.0992603674530983,14.3953,0.003703703703703703
872000,0.09604310989379883,71.1942,0.003658536585365853
874000,0.09192889928817749,14.8548,0.003658536585365853
876000,0.09524209797382355,14.255,0.003658536585365853
878000,0.10150143504142761,14.5353,0.003658536585365853
880000,0.08912517130374908,14.4975,0.003658536585365853
882000,0.09260178357362747,14.5142,0.003658536585365853
884000,0.10087118297815323,14.3491,0.003658536585365853
886000,0.08598332852125168,71.9357,0.003614457831325301
888000,0.09135095030069351,14.4485,0.003614457831325301
890000,0.09258321672677994,14.2691,0.003614457831325301
892000,0.09282276034355164,14.1167,0.003614457831325301
894000,0.10761270672082901,14.5183,0.003614457831325301
896000,0.08793365210294724,14.2467,0.003614457831325301
898000,0.10919591039419174,14.8281,0.003614457831325301
900000,0.09760749340057373,71.9413,0.0035714285714285713
902000,0.08996139466762543,14.4422,0.0035714285714285713
904000,0.09761963039636612,14.1577,0.0035714285714285713
906000,0.09035227447748184,14.1924,0.0035714285714285713
908000,0.08781783282756805,13.8402,0.0035714285714285713
910000,0.0927548035979271,14.0167,0.0035714285714285713
912000,0.10145198553800583,14.2823,0.0035714285714285713
914000,0.08732013404369354,71.2865,0.003529411764705882
916000,0.08567198365926743,14.0325,0.003529411764705882
918000,0.08056103438138962,13.8416,0.003529411764705882
920000,0.09001712501049042,14.0989,0.003529411764705882
922000,0.10186942666769028,14.0028,0.003529411764705882
924000,0.09262020885944366,13.9019,0.003529411764705882
926000,0.10306502878665924,14.3574,0.003529411764705882
928000,0.0927610695362091,70.484,0.003488372093023255
930000,0.08012202382087708,13.8919,0.003488372093023255
932000,0.09100806713104248,14.0544,0.003488372093023255
934000,0.091204933822155,13.9911,0.003488372093023255
936000,0.10059266537427902,14.1325,0.003488372093023255
938000,0.09873247146606445,14.173,0.003488372093023255
940000,0.08715891093015671,14.2738,0.003488372093023255
942000,0.0914914458990097,69.7937,0.003448275862068965
944000,0.09143823385238647,14.3894,0.003448275862068965
946000,0.08289339393377304,13.8884,0.003448275862068965
948000,0.09290487319231033,13.99,0.003448275862068965
950000,0.08814069628715515,14.1591,0.003448275862068965
952000,0.09416280686855316,14.1309,0.003448275862068965
954000,0.09232521802186966,14.15,0.003448275862068965
956000,0.0849161222577095,70.4782,0.0034090909090909085
958000,0.08852478861808777,14.0234,0.0034090909090909085
960000,0.08152133226394653,14.0778,0.0034090909090909085
962000,0.0956515520811081,14.2365,0.0034090909090909085
964000,0.08643187582492828,14.1387,0.0034090909090909085
966000,0.08600933849811554,13.9528,0.0034090909090909085
968000,0.09061827510595322,14.1265,0.0034090909090909085
